0.000000000000000e+00	0.000000e+00	0.000000e+00	0.000000e+00	0.000000e+00	0.000000e+00
1.170285681187774e-06	3.676838e-03	2.955969e-05	3.647448e-06	3.647448e-06	-3.647448e-06
2.340571362375549e-06	7.353042e-03	1.082998e-04	7.244608e-06	7.244608e-06	-7.244608e-06
3.510857043563323e-06	1.102861e-02	2.362203e-04	1.079148e-05	1.079148e-05	-1.079148e-05
4.681142724751098e-06	1.470355e-02	4.133211e-04	1.428807e-05	1.428807e-05	-1.428807e-05
5.851428405938872e-06	1.837785e-02	6.396024e-04	1.773437e-05	1.773437e-05	-1.773437e-05
7.021714087126647e-06	2.205153e-02	9.150641e-04	2.113038e-05	2.113038e-05	-2.113038e-05
8.191999768314417e-06	2.572456e-02	1.239706e-03	2.447610e-05	2.447610e-05	-2.447610e-05
1.560954768413616e-05	4.896026e-02	4.139680e-03	4.477993e-05	4.477993e-05	-4.477993e-05
2.623026986383298e-05	8.203228e-02	1.080386e-02	7.108942e-05	7.108942e-05	-7.108942e-05
4.150915864673920e-05	1.289315e-01	2.490782e-02	1.036226e-04	1.036226e-04	-1.036226e-04
6.143552653131834e-05	1.882479e-01	4.982375e-02	1.374269e-04	1.374269e-04	-1.374269e-04
8.758260131072696e-05	2.614705e-01	9.077859e-02	1.684711e-04	1.684711e-04	-1.684711e-04
1.199098362767264e-04	3.420670e-01	1.491375e-01	1.885128e-04	1.885128e-04	-1.885128e-04
1.598775231415169e-04	4.219577e-01	2.250004e-01	1.900679e-04	1.900679e-04	-1.900679e-04
2.014087486488746e-04	4.768772e-01	3.017136e-01	1.718660e-04	1.718660e-04	-1.718660e-04
2.186281470796909e-04	4.903178e-01	3.307972e-01	1.581117e-04	1.581117e-04	-1.581117e-04
2.355550455298738e-04	4.979421e-01	3.558693e-01	1.403233e-04	1.403233e-04	-1.403233e-04
2.565949261007940e-04	4.995708e-01	3.826082e-01	1.149791e-04	1.149791e-04	-1.149791e-04
2.757374546621205e-04	4.934765e-01	4.014457e-01	8.915003e-05	8.915003e-05	-8.915003e-05
3.068383833402921e-04	4.684527e-01	4.184110e-01	4.300813e-05	4.300813e-05	-4.300813e-05
3.567966937127926e-04	3.915929e-01	4.117313e-01	-3.415318e-05	-3.415318e-05	3.415318e-05
4.339754775074197e-04	2.015237e-01	3.348164e-01	-1.448097e-04	-1.448097e-04	1.448097e-04
5.100830900765518e-04	-3.165578e-02	1.972784e-01	-2.287580e-04	-2.287580e-04	2.287580e-04
5.603856035511010e-04	-1.851881e-01	7.774112e-02	-2.592019e-04	-2.592019e-04	2.592019e-04
6.029486296082649e-04	-3.013360e-01	-3.304491e-02	-2.627388e-04	-2.627388e-04	2.627388e-04
6.469117371420791e-04	-3.987300e-01	-1.445694e-01	-2.458964e-04	-2.458964e-04	2.458964e-04
6.947223521863232e-04	-4.701442e-01	-2.563339e-01	-2.097285e-04	-2.097285e-04	2.097285e-04
7.136419107443940e-04	-4.870099e-01	-2.955591e-01	-1.900168e-04	-1.900168e-04	1.900168e-04
7.294512972514596e-04	-4.958383e-01	-3.242069e-01	-1.704260e-04	-1.704260e-04	1.704260e-04
7.450462473566147e-04	-4.997578e-01	-3.490146e-01	-1.493511e-04	-1.493511e-04	1.493511e-04
7.631582793994708e-04	-4.982921e-01	-3.731737e-01	-1.230516e-04	-1.230516e-04	1.230516e-04
7.864164548118414e-04	-4.869683e-01	-3.958090e-01	-8.699165e-05	-8.699165e-05	8.699165e-05
8.240984546547494e-04	-4.467819e-01	-4.114177e-01	-2.573227e-05	-2.573227e-05	2.573227e-05
8.839920615015982e-04	-3.330245e-01	-3.861530e-01	6.920555e-05	6.920555e-05	-6.920555e-05
9.735828539468678e-04	-8.261136e-02	-2.681519e-01	1.912833e-04	1.912833e-04	-1.912833e-04
1.030659623612891e-03	9.572541e-02	-1.506115e-01	2.442763e-04	2.442763e-04	-2.442763e-04
1.075200001185099e-03	2.275549e-01	-3.877375e-02	2.621446e-04	2.621446e-04	-2.621446e-04
1.117651694583514e-03	3.368586e-01	7.179446e-02	2.590166e-04	2.590166e-04	-2.590166e-04
1.160700087591716e-03	4.233384e-01	1.791315e-01	2.376458e-04	2.376458e-04	-2.376458e-04
1.197669832845861e-03	4.732152e-01	2.633679e-01	2.067633e-04	2.067633e-04	-2.067633e-04
1.215835652001639e-03	4.885243e-01	3.000690e-01	1.870265e-04	1.870265e-04	-1.870265e-04
1.232178496231389e-03	4.968686e-01	3.290372e-01	1.665083e-04	1.665083e-04	-1.665083e-04
1.248701631206842e-03	4.999834e-01	3.547195e-01	1.439755e-04	1.439755e-04	-1.439755e-04
1.264517411330695e-03	4.979214e-01	3.752050e-01	1.208483e-04	1.208483e-04	-1.208483e-04
1.288626326157432e-03	4.853468e-01	3.976125e-01	8.327859e-05	8.327859e-05	-8.327859e-05
1.327658410243542e-03	4.416497e-01	4.117108e-01	1.977659e-05	1.977659e-05	-1.977659e-05
1.389539331518558e-03	3.198258e-01	3.810878e-01	-7.749967e-05	-7.749967e-05	7.749967e-05
1.481405833118160e-03	5.828250e-02	2.531245e-01	-1.995880e-04	-1.995880e-04	1.995880e-04
1.537332751476102e-03	-1.162117e-01	1.346843e-01	-2.484066e-04	-2.484066e-04	2.484066e-04
1.581125170698245e-03	-2.439684e-01	2.348613e-02	-2.630242e-04	-2.630242e-04	2.630242e-04
1.623607312468862e-03	-3.504461e-01	-8.698570e-02	-2.571909e-04	-2.571909e-04	2.571909e-04
1.666495639836082e-03	-4.327438e-01	-1.931247e-01	-2.338674e-04	-2.338674e-04	2.338674e-04
1.698472695397727e-03	-4.740237e-01	-2.652372e-01	-2.061326e-04	-2.061326e-04	2.061326e-04
1.716434392084963e-03	-4.889216e-01	-3.011946e-01	-1.863008e-04	-1.863008e-04	1.863008e-04
1.732915778193417e-03	-4.971221e-01	-3.303440e-01	-1.655660e-04	-1.655660e-04	1.655660e-04
1.747922811640625e-03	-4.999574e-01	-3.536582e-01	-1.450927e-04	-1.450927e-04	1.450927e-04
1.764227910526557e-03	-4.980034e-01	-3.748291e-01	-1.212622e-04	-1.212622e-04	1.212622e-04
1.788155667863777e-03	-4.857000e-01	-3.972805e-01	-8.402571e-05	-8.402571e-05	8.402571e-05
1.826900590570055e-03	-4.427608e-01	-4.116985e-01	-2.101237e-05	-2.101237e-05	2.101237e-05
1.888360397063460e-03	-3.226639e-01	-3.822185e-01	7.576634e-05	7.576634e-05	-7.576634e-05
1.979750974600231e-03	-6.344271e-02	-2.563593e-01	1.978759e-04	1.978759e-04	-1.978759e-04
2.035919989882617e-03	1.118904e-01	-1.380819e-01	2.475705e-04	2.475705e-04	-2.475705e-04
2.079869171293554e-03	2.405166e-01	-2.673219e-02	2.628695e-04	2.628695e-04	-2.628695e-04
2.122343733733612e-03	3.476037e-01	8.377130e-02	2.576094e-04	2.576094e-04	-2.576094e-04
2.165265390388573e-03	4.307948e-01	1.901717e-01	2.346969e-04	2.346969e-04	-2.346969e-04
2.198303821935609e-03	4.738546e-01	2.648458e-01	2.062638e-04	2.062638e-04	-2.062638e-04
2.216308412152621e-03	4.888386e-01	3.009600e-01	1.864515e-04	1.864515e-04	-1.864515e-04
2.232764547058472e-03	4.970710e-01	3.300868e-01	1.657616e-04	1.657616e-04	-1.657616e-04
2.247926282385909e-03	4.999576e-01	3.536549e-01	1.450839e-04	1.450839e-04	-1.450839e-04
2.264229200723682e-03	4.980030e-01	3.748310e-01	1.212602e-04	1.212602e-04	-1.212602e-04
2.288157765478251e-03	4.856984e-01	3.972821e-01	8.402226e-05	8.402226e-05	-8.402226e-05
2.326903968458503e-03	4.427559e-01	4.116986e-01	2.100677e-05	2.100677e-05	-2.100677e-05
2.388365654363711e-03	3.226513e-01	3.822135e-01	-7.577414e-05	-7.577414e-05	7.577414e-05
2.479758363543769e-03	6.341968e-02	2.563449e-01	-1.978836e-04	-1.978836e-04	1.978836e-04
2.535926296000696e-03	-1.119097e-01	1.380668e-01	-2.475743e-04	-2.475743e-04	2.475743e-04
2.579874777277033e-03	-2.405320e-01	2.671771e-02	-2.628702e-04	-2.628702e-04	2.628702e-04
2.622349373410695e-03	-3.476164e-01	-8.378566e-02	-2.576075e-04	-2.576075e-04	2.576075e-04
2.665270882088577e-03	-4.308036e-01	-1.901850e-01	-2.346932e-04	-2.346932e-04	2.346932e-04
2.698304577850301e-03	-4.738554e-01	-2.648475e-01	-2.062632e-04	-2.062632e-04	2.062632e-04
2.716308976017459e-03	-4.888389e-01	-3.009610e-01	-1.864508e-04	-1.864508e-04	1.864508e-04
2.732765223861097e-03	-4.970712e-01	-3.300879e-01	-1.657607e-04	-1.657607e-04	1.657607e-04
2.747926203890756e-03	-4.999576e-01	-3.536548e-01	-1.450841e-04	-1.450841e-04	1.450841e-04
2.764229171544302e-03	-4.980030e-01	-3.748309e-01	-1.212603e-04	-1.212603e-04	1.212603e-04
2.788157718038150e-03	-4.856984e-01	-3.972821e-01	-8.402233e-05	-8.402233e-05	8.402233e-05
2.826903892063495e-03	-4.427560e-01	-4.116986e-01	-2.100690e-05	-2.100690e-05	2.100690e-05
2.888365535463777e-03	-3.226516e-01	-3.822136e-01	7.577396e-05	7.577396e-05	-7.577396e-05
2.979758196435175e-03	-6.342020e-02	-2.563452e-01	1.978834e-04	1.978834e-04	-1.978834e-04
3.035926153651095e-03	1.119093e-01	-1.380672e-01	2.475742e-04	2.475742e-04	-2.475742e-04
3.079874650848702e-03	2.405317e-01	-2.671804e-02	2.628702e-04	2.628702e-04	-2.628702e-04
3.122349246257357e-03	3.476161e-01	8.378534e-02	2.576075e-04	2.576075e-04	-2.576075e-04
3.165270758316419e-03	4.308034e-01	1.901847e-01	2.346933e-04	2.346933e-04	-2.346933e-04
3.198304560828487e-03	4.738554e-01	2.648475e-01	2.062633e-04	2.062633e-04	-2.062633e-04
3.216308963320251e-03	4.888389e-01	3.009610e-01	1.864508e-04	1.864508e-04	-1.864508e-04
3.232765208620728e-03	4.970712e-01	3.300879e-01	1.657607e-04	1.657607e-04	-1.657607e-04
3.247926205658324e-03	4.999576e-01	3.536548e-01	1.450841e-04	1.450841e-04	-1.450841e-04
3.264229172201368e-03	4.980030e-01	3.748309e-01	1.212603e-04	1.212603e-04	-1.212603e-04
3.288157719106414e-03	4.856984e-01	3.972821e-01	8.402232e-05	8.402232e-05	-8.402232e-05
3.326903893783772e-03	4.427560e-01	4.116986e-01	2.100689e-05	2.100689e-05	-2.100689e-05
3.388365538141188e-03	3.226516e-01	3.822136e-01	-7.577397e-05	-7.577397e-05	7.577397e-05
3.479758200198157e-03	6.342019e-02	2.563452e-01	-1.978834e-04	-1.978834e-04	1.978834e-04
3.535926156854918e-03	-1.119093e-01	1.380671e-01	-2.475742e-04	-2.475742e-04	2.475742e-04
3.579874653693479e-03	-2.405317e-01	2.671803e-02	-2.628702e-04	-2.628702e-04	2.628702e-04
3.622349249118236e-03	-3.476161e-01	-8.378535e-02	-2.576075e-04	-2.576075e-04	2.576075e-04
3.665270761100949e-03	-4.308034e-01	-1.901847e-01	-2.346933e-04	-2.346933e-04	2.346933e-04
3.698304561211340e-03	-4.738554e-01	-2.648475e-01	-2.062633e-04	-2.062633e-04	2.062633e-04
3.716308963605836e-03	-4.888389e-01	-3.009610e-01	-1.864508e-04	-1.864508e-04	1.864508e-04
3.732765208963513e-03	-4.970712e-01	-3.300879e-01	-1.657607e-04	-1.657607e-04	1.657607e-04
3.747926205618568e-03	-4.999576e-01	-3.536548e-01	-1.450841e-04	-1.450841e-04	1.450841e-04
3.764229172186590e-03	-4.980030e-01	-3.748309e-01	-1.212603e-04	-1.212603e-04	1.212603e-04
3.788157719082388e-03	-4.856984e-01	-3.972821e-01	-8.402232e-05	-8.402232e-05	8.402232e-05
3.826903893745081e-03	-4.427560e-01	-4.116986e-01	-2.100689e-05	-2.100689e-05	2.100689e-05
3.888365538080970e-03	-3.226516e-01	-3.822136e-01	7.577397e-05	7.577397e-05	-7.577397e-05
3.979758200113523e-03	-6.342019e-02	-2.563452e-01	1.978834e-04	1.978834e-04	-1.978834e-04
4.035926156782868e-03	1.119093e-01	-1.380671e-01	2.475742e-04	2.475742e-04	-2.475742e-04
4.079874653629509e-03	2.405317e-01	-2.671803e-02	2.628702e-04	2.628702e-04	-2.628702e-04
4.122349249053905e-03	3.476161e-01	8.378535e-02	2.576075e-04	2.576075e-04	-2.576075e-04
4.165270761038339e-03	4.308034e-01	1.901847e-01	2.346933e-04	2.346933e-04	-2.346933e-04
4.198304561202733e-03	4.738554e-01	2.648475e-01	2.062633e-04	2.062633e-04	-2.062633e-04
4.216308963599414e-03	4.888389e-01	3.009610e-01	1.864508e-04	1.864508e-04	-1.864508e-04
4.232765208955804e-03	4.970712e-01	3.300879e-01	1.657607e-04	1.657607e-04	-1.657607e-04
4.247926205619462e-03	4.999576e-01	3.536548e-01	1.450841e-04	1.450841e-04	-1.450841e-04
4.264229172186921e-03	4.980030e-01	3.748309e-01	1.212603e-04	1.212603e-04	-1.212603e-04
4.288157719082927e-03	4.856984e-01	3.972821e-01	8.402232e-05	8.402232e-05	-8.402232e-05
4.326903893745948e-03	4.427560e-01	4.116986e-01	2.100689e-05	2.100689e-05	-2.100689e-05
4.388365538082320e-03	3.226516e-01	3.822136e-01	-7.577397e-05	-7.577397e-05	7.577397e-05
4.479758200115421e-03	6.342019e-02	2.563452e-01	-1.978834e-04	-1.978834e-04	1.978834e-04
4.535926156784486e-03	-1.119093e-01	1.380671e-01	-2.475742e-04	-2.475742e-04	2.475742e-04
4.579874653630945e-03	-2.405317e-01	2.671803e-02	-2.628702e-04	-2.628702e-04	2.628702e-04
4.622349249055349e-03	-3.476161e-01	-8.378535e-02	-2.576075e-04	-2.576075e-04	2.576075e-04
4.665270761039743e-03	-4.308034e-01	-1.901847e-01	-2.346933e-04	-2.346933e-04	2.346933e-04
4.698304561202925e-03	-4.738554e-01	-2.648475e-01	-2.062633e-04	-2.062633e-04	2.062633e-04
4.716308963599558e-03	-4.888389e-01	-3.009610e-01	-1.864508e-04	-1.864508e-04	1.864508e-04
4.732765208955979e-03	-4.970712e-01	-3.300879e-01	-1.657607e-04	-1.657607e-04	1.657607e-04
4.747926205619441e-03	-4.999576e-01	-3.536548e-01	-1.450841e-04	-1.450841e-04	1.450841e-04
4.764229172186914e-03	-4.980030e-01	-3.748309e-01	-1.212603e-04	-1.212603e-04	1.212603e-04
4.788157719082915e-03	-4.856984e-01	-3.972821e-01	-8.402232e-05	-8.402232e-05	8.402232e-05
4.826903893745929e-03	-4.427560e-01	-4.116986e-01	-2.100689e-05	-2.100689e-05	2.100689e-05
4.888365538082291e-03	-3.226516e-01	-3.822136e-01	7.577397e-05	7.577397e-05	-7.577397e-05
4.979758200115380e-03	-6.342019e-02	-2.563452e-01	1.978834e-04	1.978834e-04	-1.978834e-04
5.035926156784450e-03	1.119093e-01	-1.380671e-01	2.475742e-04	2.475742e-04	-2.475742e-04
5.079874653630913e-03	2.405317e-01	-2.671803e-02	2.628702e-04	2.628702e-04	-2.628702e-04
5.122349249055317e-03	3.476161e-01	8.378535e-02	2.576075e-04	2.576075e-04	-2.576075e-04
5.165270761039713e-03	4.308034e-01	1.901847e-01	2.346933e-04	2.346933e-04	-2.346933e-04
5.198304561202920e-03	4.738554e-01	2.648475e-01	2.062633e-04	2.062633e-04	-2.062633e-04
5.216308963599555e-03	4.888389e-01	3.009610e-01	1.864508e-04	1.864508e-04	-1.864508e-04
5.232765208955973e-03	4.970712e-01	3.300879e-01	1.657607e-04	1.657607e-04	-1.657607e-04
5.247926205619442e-03	4.999576e-01	3.536548e-01	1.450841e-04	1.450841e-04	-1.450841e-04
5.264229172186914e-03	4.980030e-01	3.748309e-01	1.212603e-04	1.212603e-04	-1.212603e-04
5.288157719082915e-03	4.856984e-01	3.972821e-01	8.402232e-05	8.402232e-05	-8.402232e-05
5.326903893745929e-03	4.427560e-01	4.116986e-01	2.100689e-05	2.100689e-05	-2.100689e-05
5.388365538082290e-03	3.226516e-01	3.822136e-01	-7.577397e-05	-7.577397e-05	7.577397e-05
5.479758200115379e-03	6.342019e-02	2.563452e-01	-1.978834e-04	-1.978834e-04	1.978834e-04
5.535926156784449e-03	-1.119093e-01	1.380671e-01	-2.475742e-04	-2.475742e-04	2.475742e-04
5.579874653630912e-03	-2.405317e-01	2.671803e-02	-2.628702e-04	-2.628702e-04	2.628702e-04
5.622349249055317e-03	-3.476161e-01	-8.378535e-02	-2.576075e-04	-2.576075e-04	2.576075e-04
5.665270761039713e-03	-4.308034e-01	-1.901847e-01	-2.346933e-04	-2.346933e-04	2.346933e-04
5.698304561202920e-03	-4.738554e-01	-2.648475e-01	-2.062633e-04	-2.062633e-04	2.062633e-04
5.716308963599555e-03	-4.888389e-01	-3.009610e-01	-1.864508e-04	-1.864508e-04	1.864508e-04
5.732765208955975e-03	-4.970712e-01	-3.300879e-01	-1.657607e-04	-1.657607e-04	1.657607e-04
5.747926205619442e-03	-4.999576e-01	-3.536548e-01	-1.450841e-04	-1.450841e-04	1.450841e-04
5.764229172186915e-03	-4.980030e-01	-3.748309e-01	-1.212603e-04	-1.212603e-04	1.212603e-04
5.788157719082916e-03	-4.856984e-01	-3.972821e-01	-8.402232e-05	-8.402232e-05	8.402232e-05
5.826903893745931e-03	-4.427560e-01	-4.116986e-01	-2.100689e-05	-2.100689e-05	2.100689e-05
5.888365538082294e-03	-3.226516e-01	-3.822136e-01	7.577397e-05	7.577397e-05	-7.577397e-05
5.979758200115384e-03	-6.342019e-02	-2.563452e-01	1.978834e-04	1.978834e-04	-1.978834e-04
6.035926156784454e-03	1.119093e-01	-1.380671e-01	2.475742e-04	2.475742e-04	-2.475742e-04
6.079874653630917e-03	2.405317e-01	-2.671803e-02	2.628702e-04	2.628702e-04	-2.628702e-04
6.122349249055322e-03	3.476161e-01	8.378535e-02	2.576075e-04	2.576075e-04	-2.576075e-04
6.165270761039718e-03	4.308034e-01	1.901847e-01	2.346933e-04	2.346933e-04	-2.346933e-04
6.198304561202923e-03	4.738554e-01	2.648475e-01	2.062633e-04	2.062633e-04	-2.062633e-04
6.216308963599557e-03	4.888389e-01	3.009610e-01	1.864508e-04	1.864508e-04	-1.864508e-04
6.232765208955978e-03	4.970712e-01	3.300879e-01	1.657607e-04	1.657607e-04	-1.657607e-04
6.247926205619442e-03	4.999576e-01	3.536548e-01	1.450841e-04	1.450841e-04	-1.450841e-04
6.264229172186914e-03	4.980030e-01	3.748309e-01	1.212603e-04	1.212603e-04	-1.212603e-04
6.288157719082914e-03	4.856984e-01	3.972821e-01	8.402232e-05	8.402232e-05	-8.402232e-05
6.326903893745928e-03	4.427560e-01	4.116986e-01	2.100689e-05	2.100689e-05	-2.100689e-05
6.388365538082288e-03	3.226516e-01	3.822136e-01	-7.577397e-05	-7.577397e-05	7.577397e-05
6.479758200115376e-03	6.342019e-02	2.563452e-01	-1.978834e-04	-1.978834e-04	1.978834e-04
6.535926156784447e-03	-1.119093e-01	1.380671e-01	-2.475742e-04	-2.475742e-04	2.475742e-04
6.579874653630911e-03	-2.405317e-01	2.671803e-02	-2.628702e-04	-2.628702e-04	2.628702e-04
6.622349249055314e-03	-3.476161e-01	-8.378535e-02	-2.576075e-04	-2.576075e-04	2.576075e-04
6.665270761039710e-03	-4.308034e-01	-1.901847e-01	-2.346933e-04	-2.346933e-04	2.346933e-04
6.698304561202921e-03	-4.738554e-01	-2.648475e-01	-2.062633e-04	-2.062633e-04	2.062633e-04
6.716308963599555e-03	-4.888389e-01	-3.009610e-01	-1.864508e-04	-1.864508e-04	1.864508e-04
6.732765208955974e-03	-4.970712e-01	-3.300879e-01	-1.657607e-04	-1.657607e-04	1.657607e-04
6.747926205619443e-03	-4.999576e-01	-3.536548e-01	-1.450841e-04	-1.450841e-04	1.450841e-04
6.764229172186915e-03	-4.980030e-01	-3.748309e-01	-1.212603e-04	-1.212603e-04	1.212603e-04
6.788157719082916e-03	-4.856984e-01	-3.972821e-01	-8.402232e-05	-8.402232e-05	8.402232e-05
6.826903893745931e-03	-4.427560e-01	-4.116986e-01	-2.100689e-05	-2.100689e-05	2.100689e-05
6.888365538082294e-03	-3.226516e-01	-3.822136e-01	7.577397e-05	7.577397e-05	-7.577397e-05
6.979758200115384e-03	-6.342019e-02	-2.563452e-01	1.978834e-04	1.978834e-04	-1.978834e-04
7.035926156784454e-03	1.119093e-01	-1.380671e-01	2.475742e-04	2.475742e-04	-2.475742e-04
7.079874653630918e-03	2.405317e-01	-2.671803e-02	2.628702e-04	2.628702e-04	-2.628702e-04
7.122349249055322e-03	3.476161e-01	8.378535e-02	2.576075e-04	2.576075e-04	-2.576075e-04
7.165270761039719e-03	4.308034e-01	1.901847e-01	2.346933e-04	2.346933e-04	-2.346933e-04
7.198304561202924e-03	4.738554e-01	2.648475e-01	2.062633e-04	2.062633e-04	-2.062633e-04
7.216308963599558e-03	4.888389e-01	3.009610e-01	1.864508e-04	1.864508e-04	-1.864508e-04
7.232765208955979e-03	4.970712e-01	3.300879e-01	1.657607e-04	1.657607e-04	-1.657607e-04
7.247926205619442e-03	4.999576e-01	3.536548e-01	1.450841e-04	1.450841e-04	-1.450841e-04
7.264229172186914e-03	4.980030e-01	3.748309e-01	1.212603e-04	1.212603e-04	-1.212603e-04
7.288157719082914e-03	4.856984e-01	3.972821e-01	8.402232e-05	8.402232e-05	-8.402232e-05
7.326903893745928e-03	4.427560e-01	4.116986e-01	2.100689e-05	2.100689e-05	-2.100689e-05
7.388365538082288e-03	3.226516e-01	3.822136e-01	-7.577397e-05	-7.577397e-05	7.577397e-05
7.479758200115376e-03	6.342019e-02	2.563452e-01	-1.978834e-04	-1.978834e-04	1.978834e-04
7.535926156784447e-03	-1.119093e-01	1.380671e-01	-2.475742e-04	-2.475742e-04	2.475742e-04
7.579874653630912e-03	-2.405317e-01	2.671803e-02	-2.628702e-04	-2.628702e-04	2.628702e-04
7.622349249055315e-03	-3.476161e-01	-8.378535e-02	-2.576075e-04	-2.576075e-04	2.576075e-04
7.665270761039710e-03	-4.308034e-01	-1.901847e-01	-2.346933e-04	-2.346933e-04	2.346933e-04
7.698304561202921e-03	-4.738554e-01	-2.648475e-01	-2.062633e-04	-2.062633e-04	2.062633e-04
7.716308963599555e-03	-4.888389e-01	-3.009610e-01	-1.864508e-04	-1.864508e-04	1.864508e-04
7.732765208955974e-03	-4.970712e-01	-3.300879e-01	-1.657607e-04	-1.657607e-04	1.657607e-04
7.747926205619443e-03	-4.999576e-01	-3.536548e-01	-1.450841e-04	-1.450841e-04	1.450841e-04
7.764229172186915e-03	-4.980030e-01	-3.748309e-01	-1.212603e-04	-1.212603e-04	1.212603e-04
7.788157719082916e-03	-4.856984e-01	-3.972821e-01	-8.402232e-05	-8.402232e-05	8.402232e-05
7.826903893745931e-03	-4.427560e-01	-4.116986e-01	-2.100689e-05	-2.100689e-05	2.100689e-05
7.888365538082294e-03	-3.226516e-01	-3.822136e-01	7.577397e-05	7.577397e-05	-7.577397e-05
7.979758200115384e-03	-6.342019e-02	-2.563452e-01	1.978834e-04	1.978834e-04	-1.978834e-04
8.035926156784456e-03	1.119093e-01	-1.380671e-01	2.475742e-04	2.475742e-04	-2.475742e-04
8.079874653630918e-03	2.405317e-01	-2.671803e-02	2.628702e-04	2.628702e-04	-2.628702e-04
8.122349249055322e-03	3.476161e-01	8.378535e-02	2.576075e-04	2.576075e-04	-2.576075e-04
8.165270761039718e-03	4.308034e-01	1.901847e-01	2.346933e-04	2.346933e-04	-2.346933e-04
8.198304561202919e-03	4.738554e-01	2.648475e-01	2.062633e-04	2.062633e-04	-2.062633e-04
8.216308963599555e-03	4.888389e-01	3.009610e-01	1.864508e-04	1.864508e-04	-1.864508e-04
8.232765208955975e-03	4.970712e-01	3.300879e-01	1.657607e-04	1.657607e-04	-1.657607e-04
8.247926205619441e-03	4.999576e-01	3.536548e-01	1.450841e-04	1.450841e-04	-1.450841e-04
8.264229172186914e-03	4.980030e-01	3.748309e-01	1.212603e-04	1.212603e-04	-1.212603e-04
8.288157719082914e-03	4.856984e-01	3.972821e-01	8.402232e-05	8.402232e-05	-8.402232e-05
8.326903893745928e-03	4.427560e-01	4.116986e-01	2.100689e-05	2.100689e-05	-2.100689e-05
8.388365538082289e-03	3.226516e-01	3.822136e-01	-7.577397e-05	-7.577397e-05	7.577397e-05
8.479758200115376e-03	6.342019e-02	2.563452e-01	-1.978834e-04	-1.978834e-04	1.978834e-04
8.535926156784449e-03	-1.119093e-01	1.380671e-01	-2.475742e-04	-2.475742e-04	2.475742e-04
8.579874653630915e-03	-2.405317e-01	2.671803e-02	-2.628702e-04	-2.628702e-04	2.628702e-04
8.622349249055318e-03	-3.476161e-01	-8.378535e-02	-2.576075e-04	-2.576075e-04	2.576075e-04
8.665270761039711e-03	-4.308034e-01	-1.901847e-01	-2.346933e-04	-2.346933e-04	2.346933e-04
8.698304561202925e-03	-4.738554e-01	-2.648475e-01	-2.062633e-04	-2.062633e-04	2.062633e-04
8.716308963599559e-03	-4.888389e-01	-3.009610e-01	-1.864508e-04	-1.864508e-04	1.864508e-04
8.732765208955979e-03	-4.970712e-01	-3.300879e-01	-1.657607e-04	-1.657607e-04	1.657607e-04
8.747926205619441e-03	-4.999576e-01	-3.536548e-01	-1.450841e-04	-1.450841e-04	1.450841e-04
8.764229172186914e-03	-4.980030e-01	-3.748309e-01	-1.212603e-04	-1.212603e-04	1.212603e-04
8.788157719082914e-03	-4.856984e-01	-3.972821e-01	-8.402232e-05	-8.402232e-05	8.402232e-05
8.826903893745928e-03	-4.427560e-01	-4.116986e-01	-2.100689e-05	-2.100689e-05	2.100689e-05
8.888365538082289e-03	-3.226516e-01	-3.822136e-01	7.577397e-05	7.577397e-05	-7.577397e-05
8.979758200115378e-03	-6.342019e-02	-2.563452e-01	1.978834e-04	1.978834e-04	-1.978834e-04
9.035926156784448e-03	1.119093e-01	-1.380671e-01	2.475742e-04	2.475742e-04	-2.475742e-04
9.079874653630911e-03	2.405317e-01	-2.671803e-02	2.628702e-04	2.628702e-04	-2.628702e-04
9.122349249055315e-03	3.476161e-01	8.378535e-02	2.576075e-04	2.576075e-04	-2.576075e-04
9.165270761039710e-03	4.308034e-01	1.901847e-01	2.346933e-04	2.346933e-04	-2.346933e-04
9.198304561202920e-03	4.738554e-01	2.648475e-01	2.062633e-04	2.062633e-04	-2.062633e-04
9.216308963599554e-03	4.888389e-01	3.009610e-01	1.864508e-04	1.864508e-04	-1.864508e-04
9.232765208955973e-03	4.970712e-01	3.300879e-01	1.657607e-04	1.657607e-04	-1.657607e-04
9.247926205619443e-03	4.999576e-01	3.536548e-01	1.450841e-04	1.450841e-04	-1.450841e-04
9.264229172186915e-03	4.980030e-01	3.748309e-01	1.212603e-04	1.212603e-04	-1.212603e-04
9.288157719082915e-03	4.856984e-01	3.972821e-01	8.402232e-05	8.402232e-05	-8.402232e-05
9.326903893745929e-03	4.427560e-01	4.116986e-01	2.100689e-05	2.100689e-05	-2.100689e-05
9.388365538082290e-03	3.226516e-01	3.822136e-01	-7.577397e-05	-7.577397e-05	7.577397e-05
9.479758200115379e-03	6.342019e-02	2.563452e-01	-1.978834e-04	-1.978834e-04	1.978834e-04
9.535926156784448e-03	-1.119093e-01	1.380671e-01	-2.475742e-04	-2.475742e-04	2.475742e-04
9.579874653630912e-03	-2.405317e-01	2.671803e-02	-2.628702e-04	-2.628702e-04	2.628702e-04
9.622349249055317e-03	-3.476161e-01	-8.378535e-02	-2.576075e-04	-2.576075e-04	2.576075e-04
9.665270761039714e-03	-4.308034e-01	-1.901847e-01	-2.346933e-04	-2.346933e-04	2.346933e-04
9.698304561202921e-03	-4.738554e-01	-2.648475e-01	-2.062633e-04	-2.062633e-04	2.062633e-04
9.716308963599554e-03	-4.888389e-01	-3.009610e-01	-1.864508e-04	-1.864508e-04	1.864508e-04
9.732765208955971e-03	-4.970712e-01	-3.300879e-01	-1.657607e-04	-1.657607e-04	1.657607e-04
9.747926205619442e-03	-4.999576e-01	-3.536548e-01	-1.450841e-04	-1.450841e-04	1.450841e-04
9.764229172186915e-03	-4.980030e-01	-3.748309e-01	-1.212603e-04	-1.212603e-04	1.212603e-04
9.788157719082917e-03	-4.856984e-01	-3.972821e-01	-8.402232e-05	-8.402232e-05	8.402232e-05
9.826903893745933e-03	-4.427560e-01	-4.116986e-01	-2.100689e-05	-2.100689e-05	2.100689e-05
9.888365538082295e-03	-3.226516e-01	-3.822136e-01	7.577397e-05	7.577397e-05	-7.577397e-05
9.979758200115386e-03	-6.342019e-02	-2.653161e-01	2.043541e-04	2.043541e-04	-2.043541e-04
1.000000000000000e-02	-1.224647e-15	-2.273370e-01	2.273370e-04	2.273370e-04	-2.273370e-04
