0.000000000000000e+00	0.000000e+00	0.000000e+00	0.000000e+00	0.000000e+00	0.000000e+00
9.935113836814341e-08	3.745458e-03	3.728353e-03	3.422309e-09	-3.422309e-09	-3.422309e-09
1.987022767362868e-07	7.490897e-03	7.424622e-03	1.325453e-08	-1.325453e-08	-1.325453e-08
2.980534151044302e-07	1.123632e-02	1.108881e-02	2.949667e-08	-2.949667e-08	-2.949667e-08
3.974045534725737e-07	1.498172e-02	1.472091e-02	5.214871e-08	-5.214871e-08	-5.214871e-08
4.967556918407171e-07	1.872710e-02	1.832092e-02	8.121067e-08	-8.121067e-08	-8.121067e-08
5.961068302088604e-07	2.247247e-02	2.188885e-02	1.166825e-07	-1.166825e-07	-1.166825e-07
6.954579685770037e-07	2.621781e-02	2.542470e-02	1.585643e-07	-1.585643e-07	-1.585643e-07
1.390826547642080e-06	5.243026e-02	4.943186e-02	5.993108e-07	-5.993108e-07	-5.993108e-07
2.545530168378941e-06	9.594786e-02	8.667070e-02	1.853849e-06	-1.853849e-06	-1.853849e-06
4.236500320289162e-06	1.596369e-01	1.358384e-01	4.754354e-06	-4.754354e-06	-4.754354e-06
6.613296035824775e-06	2.490285e-01	1.954610e-01	1.069791e-05	-1.069791e-05	-1.069791e-05
9.814640186511029e-06	3.690659e-01	2.610109e-01	2.156987e-05	-2.156987e-05	-2.156987e-05
1.407257688847328e-05	5.277628e-01	3.272031e-01	4.001009e-05	-4.001009e-05	-4.001009e-05
1.964318202504635e-05	7.330331e-01	3.866224e-01	6.903995e-05	-6.903995e-05	-6.903995e-05
2.694868097511657e-05	9.966341e-01	4.319286e-01	1.123749e-04	-1.123749e-04	-1.123749e-04
3.654559980204143e-05	1.329816e+00	4.566470e-01	1.736240e-04	-1.736240e-04	-1.736240e-04
4.654559980204143e-05	1.656371e+00	4.557799e-01	2.388122e-04	-2.388122e-04	-2.388122e-04
5.654559980204143e-05	1.956805e+00	4.363950e-01	3.025389e-04	-3.025389e-04	-3.025389e-04
6.654559980204143e-05	2.226378e+00	4.045635e-01	3.626073e-04	-3.626073e-04	-3.626073e-04
7.654559980204143e-05	2.460840e+00	3.637159e-01	4.174843e-04	-4.174843e-04	-4.174843e-04
8.654559980204143e-05	2.656493e+00	3.158838e-01	4.660271e-04	-4.660271e-04	-4.660271e-04
9.654559980204143e-05	2.810252e+00	2.624786e-01	5.073387e-04	-5.073387e-04	-5.073387e-04
1.065455998020414e-04	2.919691e+00	2.046538e-01	5.407052e-04	-5.407052e-04	-5.407052e-04
1.165455998020414e-04	2.983085e+00	1.435890e-01	5.661341e-04	-5.661341e-04	-5.661341e-04
1.240560724533304e-04	2.999789e+00	9.606312e-02	5.793066e-04	-5.793066e-04	-5.793066e-04
1.321491457146673e-04	2.987902e+00	4.375940e-02	5.869226e-04	-5.869226e-04	-5.869226e-04
1.421491457146673e-04	2.930607e+00	-2.134846e-02	5.880803e-04	-5.880803e-04	-5.880803e-04
1.521491457146673e-04	2.827095e+00	-8.608331e-02	5.804065e-04	-5.804065e-04	-5.804065e-04
1.621491457146673e-04	2.678998e+00	-1.494698e-01	5.635811e-04	-5.635811e-04	-5.635811e-04
1.721491457146673e-04	2.488652e+00	-2.105033e-01	5.378687e-04	-5.378687e-04	-5.378687e-04
1.821491457146673e-04	2.259058e+00	-2.682192e-01	5.036742e-04	-5.036742e-04	-5.036742e-04
1.921491457146673e-04	1.993838e+00	-3.217061e-01	4.615366e-04	-4.615366e-04	-4.615366e-04
2.021491457146673e-04	1.697173e+00	-3.701199e-01	4.121204e-04	-4.121204e-04	-4.121204e-04
2.121491457146673e-04	1.373743e+00	-4.126970e-01	3.562049e-04	-3.562049e-04	-3.562049e-04
2.221491457146673e-04	1.028649e+00	-4.487656e-01	2.946717e-04	-2.946717e-04	-2.946717e-04
2.321491457146673e-04	6.673317e-01	-4.777570e-01	2.284915e-04	-2.284915e-04	-2.284915e-04
2.421491457146673e-04	2.954904e-01	-4.992140e-01	1.587079e-04	-1.587079e-04	-1.587079e-04
2.521491457146673e-04	-8.101103e-02	-5.127980e-01	8.642127e-05	-8.642127e-05	-8.642127e-05
2.621491457146673e-04	-4.562348e-01	-5.182949e-01	1.277177e-05	-1.277177e-05	-1.277177e-05
2.721491457146673e-04	-8.242635e-01	-5.156180e-01	-6.107915e-05	6.107915e-05	6.107915e-05
2.821491457146674e-04	-1.179293e+00	-5.048095e-01	-1.339668e-04	1.339668e-04	1.339668e-04
2.921491457146674e-04	-1.515725e+00	-4.860398e-01	-2.047417e-04	2.047417e-04	2.047417e-04
3.021491457146674e-04	-1.828252e+00	-4.596050e-01	-2.722878e-04	2.722878e-04	2.722878e-04
3.121491457146674e-04	-2.111947e+00	-4.259220e-01	-3.355397e-04	3.355397e-04	3.355397e-04
3.221491457146675e-04	-2.362335e+00	-3.855219e-01	-3.934999e-04	3.934999e-04	3.934999e-04
3.321491457146675e-04	-2.575468e+00	-3.390419e-01	-4.452544e-04	4.452544e-04	4.452544e-04
3.421491457146675e-04	-2.747984e+00	-2.872150e-01	-4.899870e-04	4.899870e-04	4.899870e-04
3.521491457146676e-04	-2.877163e+00	-2.308586e-01	-5.269921e-04	5.269921e-04	5.269921e-04
3.621491457146676e-04	-2.960967e+00	-1.708614e-01	-5.556863e-04	5.556863e-04	5.556863e-04
3.721491457146676e-04	-2.998075e+00	-1.081925e-01	-5.757801e-04	5.757801e-04	5.757801e-04
3.814400071610683e-04	-2.990181e+00	-4.838818e-02	-5.861684e-04	5.861684e-04	5.861684e-04
3.914400071610683e-04	-2.936208e+00	1.670335e-02	-5.882669e-04	5.882669e-04	5.882669e-04
4.014400071610683e-04	-2.835928e+00	8.151081e-02	-5.812515e-04	5.812515e-04	5.812515e-04
4.114400071610683e-04	-2.690924e+00	1.450339e-01	-5.650696e-04	5.650696e-04	5.650696e-04
4.214400071610684e-04	-2.503482e+00	2.062702e-01	-5.399764e-04	5.399764e-04	5.399764e-04
4.314400071610684e-04	-2.276559e+00	2.642538e-01	-5.063675e-04	5.063675e-04	5.063675e-04
4.414400071610684e-04	-2.013734e+00	3.180700e-01	-4.647729e-04	4.647729e-04	4.647729e-04
4.514400071610685e-04	-1.719150e+00	3.668702e-01	-4.158485e-04	4.158485e-04	4.158485e-04
4.614400071610685e-04	-1.397455e+00	4.098846e-01	-3.603660e-04	3.603660e-04	3.603660e-04
4.714400071610685e-04	-1.053721e+00	4.464349e-01	-2.992002e-04	2.992002e-04	2.992002e-04
4.814400071610685e-04	-6.933689e-01	4.759446e-01	-2.333160e-04	2.333160e-04	2.333160e-04
4.914400071610685e-04	-3.220822e-01	4.979484e-01	-1.637521e-04	1.637521e-04	1.637521e-04
5.014400071610685e-04	5.428403e-02	5.120993e-01	-9.160586e-05	9.160586e-05	9.160586e-05
5.114400071610686e-04	4.297941e-01	5.181741e-01	-1.801490e-05	1.801490e-05	1.801490e-05
5.214400071610686e-04	7.985261e-01	5.160769e-01	5.586017e-05	-5.586017e-05	-5.586017e-05
5.314400071610686e-04	1.154665e+00	5.058410e-01	1.288543e-04	-1.288543e-04	-1.288543e-04
5.414400071610686e-04	1.492594e+00	4.876276e-01	1.998163e-04	-1.998163e-04	-1.998163e-04
5.514400071610687e-04	1.806984e+00	4.617240e-01	2.676271e-04	-2.676271e-04	-2.676271e-04
5.614400071610687e-04	2.092876e+00	4.285387e-01	3.312172e-04	-3.312172e-04	-3.312172e-04
5.714400071610687e-04	2.345763e+00	3.885952e-01	3.895839e-04	-3.895839e-04	-3.895839e-04
5.814400071610687e-04	2.561656e+00	3.425232e-01	4.418066e-04	-4.418066e-04	-4.418066e-04
5.914400071610688e-04	2.737150e+00	2.910495e-01	4.870617e-04	-4.870617e-04	-4.870617e-04
6.014400071610688e-04	2.869477e+00	2.349858e-01	5.246356e-04	-5.246356e-04	-5.246356e-04
6.114400071610688e-04	2.956551e+00	1.752162e-01	5.539356e-04	-5.539356e-04	-5.539356e-04
6.214400071610688e-04	2.996999e+00	1.126921e-01	5.745605e-04	-5.745605e-04	-5.745605e-04
6.311760706079174e-04	2.990969e+00	5.009063e-02	5.858797e-04	-5.858797e-04	-5.858797e-04
6.411760706079174e-04	2.938232e+00	-1.498245e-02	5.883261e-04	-5.883261e-04	-5.883261e-04
6.511760706079175e-04	2.839158e+00	-7.981124e-02	5.815550e-04	-5.815550e-04	-5.815550e-04
6.611760706079175e-04	2.695308e+00	-1.433818e-01	5.656126e-04	-5.656126e-04	-5.656126e-04
6.711760706079175e-04	2.508951e+00	-2.046914e-01	5.407502e-04	-5.407502e-04	-5.407502e-04
6.811760706079175e-04	2.283027e+00	-2.627729e-01	5.073597e-04	-5.073597e-04	-5.073597e-04
6.911760706079176e-04	2.021098e+00	-3.167104e-01	4.659680e-04	-4.659680e-04	-4.659680e-04
7.011760706079176e-04	1.727295e+00	-3.656532e-01	4.172277e-04	-4.172277e-04	-4.172277e-04
7.111760706079176e-04	1.406252e+00	-4.088295e-01	3.619074e-04	-3.619074e-04	-3.619074e-04
7.211760706079176e-04	1.063031e+00	-4.455583e-01	3.008797e-04	-3.008797e-04	-3.008797e-04
7.311760706079177e-04	7.030458e-01	-4.752604e-01	2.351069e-04	-2.351069e-04	-2.351069e-04
7.411760706079177e-04	3.319730e-01	-4.974673e-01	1.656263e-04	-1.656263e-04	-1.656263e-04
7.511760706079177e-04	-4.433521e-02	-5.118288e-01	9.353369e-05	-9.353369e-05	-9.353369e-05
7.611760706079178e-04	-4.199443e-01	-5.181186e-01	1.996601e-05	-1.996601e-05	-1.996601e-05
7.711760706079178e-04	-7.889305e-01	-5.162373e-01	-5.391655e-05	5.391655e-05	5.391655e-05
7.811760706079178e-04	-1.145475e+00	-5.062146e-01	-1.269488e-04	1.269488e-04	1.269488e-04
7.911760706079178e-04	-1.483954e+00	-4.882086e-01	-1.979790e-04	1.979790e-04	1.979790e-04
8.011760706079179e-04	-1.799031e+00	-4.625033e-01	-2.658870e-04	2.658870e-04	2.658870e-04
8.111760706079179e-04	-2.085736e+00	-4.295040e-01	-3.296018e-04	3.296018e-04	3.296018e-04
8.211760706079179e-04	-2.339548e+00	-3.897312e-01	-3.881185e-04	3.881185e-04	3.881185e-04
8.311760706079179e-04	-2.556463e+00	-3.438120e-01	-4.405144e-04	4.405144e-04	4.405144e-04
8.411760706079180e-04	-2.733062e+00	-2.924708e-01	-4.859631e-04	4.859631e-04	4.859631e-04
8.511760706079180e-04	-2.866558e+00	-2.365171e-01	-5.237479e-04	5.237479e-04	5.237479e-04
8.611760706079180e-04	-2.954848e+00	-1.768335e-01	-5.532728e-04	5.532728e-04	5.532728e-04
8.711760706079180e-04	-2.996537e+00	-1.143643e-01	-5.740949e-04	5.740949e-04	5.740949e-04
8.810777917606649e-04	-2.991254e+00	-5.072432e-02	-5.857706e-04	5.857706e-04	5.857706e-04
8.910777917606649e-04	-2.938978e+00	1.434149e-02	-5.883464e-04	5.883464e-04	5.883464e-04
9.010777917606650e-04	-2.840352e+00	7.917810e-02	-5.816664e-04	5.816664e-04	5.816664e-04
9.110777917606650e-04	-2.696933e+00	1.427662e-01	-5.658132e-04	5.658132e-04	5.658132e-04
9.210777917606650e-04	-2.510981e+00	2.041029e-01	-5.410367e-04	5.410367e-04	5.410367e-04
9.310777917606651e-04	-2.285429e+00	2.622208e-01	-5.077278e-04	5.077278e-04	5.077278e-04
9.410777917606651e-04	-2.023834e+00	3.162033e-01	-4.664117e-04	4.664117e-04	4.664117e-04
9.510777917606651e-04	-1.730323e+00	3.651991e-01	-4.177401e-04	4.177401e-04	4.177401e-04
9.610777917606651e-04	-1.409524e+00	4.084355e-01	-3.624804e-04	3.624804e-04	3.624804e-04
9.710777917606652e-04	-1.066495e+00	4.452307e-01	-3.015042e-04	3.015042e-04	3.015042e-04
9.810777917606652e-04	-7.066472e-01	4.750043e-01	-2.357731e-04	2.357731e-04	2.357731e-04
9.910777917606652e-04	-3.356551e-01	4.972868e-01	-1.663237e-04	1.663237e-04	1.663237e-04
1.001077791760665e-03	4.063055e-02	5.117267e-01	-9.425127e-05	9.425127e-05	9.425127e-05
1.011077791760665e-03	4.162754e-01	5.180965e-01	-2.069247e-05	2.069247e-05	2.069247e-05
1.021077791760665e-03	7.853553e-01	5.162956e-01	5.319268e-05	-5.319268e-05	-5.319268e-05
1.031077791760665e-03	1.142050e+00	5.063523e-01	1.262389e-04	-1.262389e-04	-1.262389e-04
1.041077791760665e-03	1.480733e+00	4.884236e-01	1.972943e-04	-1.972943e-04	-1.972943e-04
1.051077791760665e-03	1.796065e+00	4.627922e-01	2.652383e-04	-2.652383e-04	-2.652383e-04
1.061077791760665e-03	2.083071e+00	4.298622e-01	3.289993e-04	-3.289993e-04	-3.289993e-04
1.071077791760665e-03	2.337227e+00	3.901531e-01	3.875718e-04	-3.875718e-04	-3.875718e-04
1.081077791760665e-03	2.554522e+00	3.442910e-01	4.400320e-04	-4.400320e-04	-4.400320e-04
1.091077791760665e-03	2.731532e+00	2.929992e-01	4.855526e-04	-4.855526e-04	-4.855526e-04
1.101077791760665e-03	2.865463e+00	2.370867e-01	5.234159e-04	-5.234159e-04	-5.234159e-04
1.111077791760666e-03	2.954205e+00	1.774352e-01	5.530245e-04	-5.530245e-04	-5.530245e-04
1.121077791760666e-03	2.996357e+00	1.149866e-01	5.739200e-04	-5.739200e-04	-5.739200e-04
1.131041190207340e-03	2.991359e+00	5.096029e-02	5.857297e-04	-5.857297e-04	-5.857297e-04
1.141041190207340e-03	2.939255e+00	-1.410276e-02	5.883538e-04	-5.883538e-04	-5.883538e-04
1.151041190207340e-03	2.840796e+00	-7.894227e-02	5.817076e-04	-5.817076e-04	-5.817076e-04
1.161041190207340e-03	2.697537e+00	-1.425369e-01	5.658876e-04	-5.658876e-04	-5.658876e-04
1.171041190207340e-03	2.511735e+00	-2.038836e-01	5.411432e-04	-5.411432e-04	-5.411432e-04
1.181041190207340e-03	2.286322e+00	-2.620150e-01	5.078646e-04	-5.078646e-04	-5.078646e-04
1.191041190207340e-03	2.024853e+00	-3.160143e-01	4.665768e-04	-4.665768e-04	-4.665768e-04
1.201041190207340e-03	1.731450e+00	-3.650298e-01	4.179307e-04	-4.179307e-04	-4.179307e-04
1.211041190207340e-03	1.410742e+00	-4.082886e-01	3.626936e-04	-3.626936e-04	-3.626936e-04
1.221041190207341e-03	1.067785e+00	-4.451085e-01	3.017366e-04	-3.017366e-04	-3.017366e-04
1.231041190207341e-03	7.079881e-01	-4.749087e-01	2.360211e-04	-2.360211e-04	-2.360211e-04
1.241041190207341e-03	3.370262e-01	-4.972193e-01	1.665834e-04	-1.665834e-04	-1.665834e-04
1.251041190207341e-03	-3.925082e-02	-5.116885e-01	9.451849e-05	-9.451849e-05	-9.451849e-05
1.261041190207341e-03	-4.149088e-01	-5.180880e-01	2.096301e-05	-2.096301e-05	-2.096301e-05
1.271041190207341e-03	-7.840235e-01	-5.163170e-01	-5.292307e-05	5.292307e-05	5.292307e-05
1.281041190207341e-03	-1.140774e+00	-5.064034e-01	-1.259745e-04	1.259745e-04	1.259745e-04
1.291041190207341e-03	-1.479533e+00	-4.885035e-01	-1.970393e-04	1.970393e-04	1.970393e-04
1.301041190207341e-03	-1.794959e+00	-4.628996e-01	-2.649966e-04	2.649966e-04	2.649966e-04
1.311041190207341e-03	-2.082078e+00	-4.299954e-01	-3.287748e-04	3.287748e-04	3.287748e-04
1.321041190207341e-03	-2.336361e+00	-3.903100e-01	-3.873680e-04	3.873680e-04	3.873680e-04
1.331041190207341e-03	-2.553799e+00	-3.444692e-01	-4.398521e-04	4.398521e-04	4.398521e-04
1.341041190207341e-03	-2.730961e+00	-2.931959e-01	-4.853996e-04	4.853996e-04	4.853996e-04
1.351041190207341e-03	-2.865055e+00	-2.372987e-01	-5.232920e-04	5.232920e-04	5.232920e-04
1.361041190207341e-03	-2.953964e+00	-1.776592e-01	-5.529317e-04	5.529317e-04	5.529317e-04
1.371041190207341e-03	-2.996289e+00	-1.152183e-01	-5.738546e-04	5.738546e-04	5.738546e-04
1.381027557898673e-03	-2.991398e+00	-5.104818e-02	-5.857144e-04	5.857144e-04	5.857144e-04
1.391027557898673e-03	-2.939358e+00	1.401384e-02	-5.883565e-04	5.883565e-04	5.883565e-04
1.401027557898673e-03	-2.840961e+00	7.885443e-02	-5.817229e-04	5.817229e-04	5.817229e-04
1.411027557898673e-03	-2.697762e+00	1.424515e-01	-5.659153e-04	5.659153e-04	5.659153e-04
1.421027557898673e-03	-2.512016e+00	2.038019e-01	-5.411828e-04	5.411828e-04	5.411828e-04
1.431027557898673e-03	-2.286655e+00	2.619384e-01	-5.079156e-04	5.079156e-04	5.079156e-04
1.441027557898673e-03	-2.025232e+00	3.159439e-01	-4.666382e-04	4.666382e-04	4.666382e-04
1.451027557898673e-03	-1.731870e+00	3.649668e-01	-4.180017e-04	4.180017e-04	4.180017e-04
1.461027557898673e-03	-1.411195e+00	4.082339e-01	-3.627730e-04	3.627730e-04	3.627730e-04
1.471027557898673e-03	-1.068265e+00	4.450629e-01	-3.018232e-04	3.018232e-04	3.018232e-04
1.481027557898673e-03	-7.084875e-01	4.748731e-01	-2.361135e-04	2.361135e-04	2.361135e-04
1.491027557898673e-03	-3.375369e-01	4.971942e-01	-1.666801e-04	1.666801e-04	1.666801e-04
1.501027557898673e-03	3.873694e-02	5.116742e-01	-9.461800e-05	9.461800e-05	9.461800e-05
1.511027557898673e-03	4.143998e-01	5.180849e-01	-2.106377e-05	2.106377e-05	2.106377e-05
1.521027557898673e-03	7.835274e-01	5.163250e-01	5.282265e-05	-5.282265e-05	-5.282265e-05
1.531027557898673e-03	1.140298e+00	5.064224e-01	1.258760e-04	-1.258760e-04	-1.258760e-04
1.541027557898673e-03	1.479086e+00	4.885332e-01	1.969443e-04	-1.969443e-04	-1.969443e-04
1.551027557898673e-03	1.794548e+00	4.629395e-01	2.649066e-04	-2.649066e-04	-2.649066e-04
1.561027557898673e-03	2.081708e+00	4.300450e-01	3.286912e-04	-3.286912e-04	-3.286912e-04
1.571027557898673e-03	2.336039e+00	3.903685e-01	3.872921e-04	-3.872921e-04	-3.872921e-04
1.581027557898673e-03	2.553529e+00	3.445356e-01	4.397851e-04	-4.397851e-04	-4.397851e-04
1.591027557898673e-03	2.730748e+00	2.932692e-01	4.853425e-04	-4.853425e-04	-4.853425e-04
1.601027557898673e-03	2.864902e+00	2.373777e-01	5.232458e-04	-5.232458e-04	-5.232458e-04
1.611027557898673e-03	2.953875e+00	1.777426e-01	5.528972e-04	-5.528972e-04	-5.528972e-04
1.621027557898673e-03	2.996263e+00	1.153046e-01	5.738302e-04	-5.738302e-04	-5.738302e-04
1.631022480388735e-03	2.991413e+00	5.108091e-02	5.857088e-04	-5.857088e-04	-5.857088e-04
1.641022480388735e-03	2.939396e+00	-1.398072e-02	5.883575e-04	-5.883575e-04	-5.883575e-04
1.651022480388735e-03	2.841023e+00	-7.882170e-02	5.817286e-04	-5.817286e-04	-5.817286e-04
1.661022480388735e-03	2.697845e+00	-1.424196e-01	5.659256e-04	-5.659256e-04	-5.659256e-04
1.671022480388735e-03	2.512121e+00	-2.037715e-01	5.411976e-04	-5.411976e-04	-5.411976e-04
1.681022480388735e-03	2.286779e+00	-2.619098e-01	5.079346e-04	-5.079346e-04	-5.079346e-04
1.691022480388735e-03	2.025373e+00	-3.159176e-01	4.666611e-04	-4.666611e-04	-4.666611e-04
1.701022480388735e-03	1.732026e+00	-3.649433e-01	4.180281e-04	-4.180281e-04	-4.180281e-04
1.711022480388735e-03	1.411364e+00	-4.082135e-01	3.628026e-04	-3.628026e-04	-3.628026e-04
1.721022480388735e-03	1.068444e+00	-4.450459e-01	3.018554e-04	-3.018554e-04	-3.018554e-04
1.731022480388735e-03	7.086735e-01	-4.748598e-01	2.361479e-04	-2.361479e-04	-2.361479e-04
1.741022480388735e-03	3.377271e-01	-4.971848e-01	1.667161e-04	-1.667161e-04	-1.667161e-04
1.751022480388735e-03	-3.854554e-02	-5.116689e-01	9.465507e-05	-9.465507e-05	-9.465507e-05
1.761022480388735e-03	-4.142103e-01	-5.180837e-01	2.110130e-05	-2.110130e-05	-2.110130e-05
1.771022480388735e-03	-7.833427e-01	-5.163280e-01	-5.278524e-05	5.278524e-05	5.278524e-05
1.781022480388735e-03	-1.140121e+00	-5.064295e-01	-1.258393e-04	1.258393e-04	1.258393e-04
1.791022480388735e-03	-1.478919e+00	-4.885443e-01	-1.969089e-04	1.969089e-04	1.969089e-04
1.801022480388735e-03	-1.794394e+00	-4.629544e-01	-2.648730e-04	2.648730e-04	2.648730e-04
1.811022480388735e-03	-2.081570e+00	-4.300635e-01	-3.286600e-04	3.286600e-04	3.286600e-04
1.821022480388735e-03	-2.335919e+00	-3.903903e-01	-3.872638e-04	3.872638e-04	3.872638e-04
1.831022480388735e-03	-2.553428e+00	-3.445603e-01	-4.397602e-04	4.397602e-04	4.397602e-04
1.841022480388735e-03	-2.730669e+00	-2.932964e-01	-4.853213e-04	4.853213e-04	4.853213e-04
1.851022480388735e-03	-2.864845e+00	-2.374071e-01	-5.232286e-04	5.232286e-04	5.232286e-04
1.861022480388735e-03	-2.953841e+00	-1.777737e-01	-5.528843e-04	5.528843e-04	5.528843e-04
1.871022480388735e-03	-2.996253e+00	-1.153368e-01	-5.738211e-04	5.738211e-04	5.738211e-04
1.881020589193140e-03	-2.991418e+00	-5.109311e-02	-5.857066e-04	5.857066e-04	5.857066e-04
1.891020589193140e-03	-2.939410e+00	1.396838e-02	-5.883579e-04	5.883579e-04	5.883579e-04
1.901020589193140e-03	-2.841046e+00	7.880951e-02	-5.817308e-04	5.817308e-04	5.817308e-04
1.911020589193140e-03	-2.697876e+00	1.424078e-01	-5.659295e-04	5.659295e-04	5.659295e-04
1.921020589193140e-03	-2.512160e+00	2.037602e-01	-5.412031e-04	5.412031e-04	5.412031e-04
1.931020589193140e-03	-2.286825e+00	2.618992e-01	-5.079416e-04	5.079416e-04	5.079416e-04
1.941020589193140e-03	-2.025426e+00	3.159079e-01	-4.666696e-04	4.666696e-04	4.666696e-04
1.951020589193140e-03	-1.732084e+00	3.649345e-01	-4.180380e-04	4.180380e-04	4.180380e-04
1.961020589193140e-03	-1.411427e+00	4.082059e-01	-3.628136e-04	3.628136e-04	3.628136e-04
1.971020589193140e-03	-1.068510e+00	4.450397e-01	-3.018675e-04	3.018675e-04	3.018675e-04
1.981020589193140e-03	-7.087428e-01	4.748549e-01	-2.361607e-04	2.361607e-04	2.361607e-04
1.991020589193140e-03	-3.377979e-01	4.971813e-01	-1.667295e-04	1.667295e-04	1.667295e-04
2.001020589193141e-03	3.847425e-02	5.116670e-01	-9.466887e-05	9.466887e-05	9.466887e-05
2.011020589193141e-03	4.141397e-01	5.180833e-01	-2.111528e-05	2.111528e-05	2.111528e-05
2.021020589193141e-03	7.832738e-01	5.163291e-01	5.277131e-05	-5.277131e-05	-5.277131e-05
2.031020589193141e-03	1.140055e+00	5.064321e-01	1.258257e-04	-1.258257e-04	-1.258257e-04
2.041020589193141e-03	1.478857e+00	4.885484e-01	1.968957e-04	-1.968957e-04	-1.968957e-04
2.051020589193141e-03	1.794337e+00	4.629600e-01	2.648605e-04	-2.648605e-04	-2.648605e-04
2.061020589193141e-03	2.081519e+00	4.300704e-01	3.286484e-04	-3.286484e-04	-3.286484e-04
2.071020589193141e-03	2.335874e+00	3.903984e-01	3.872532e-04	-3.872532e-04	-3.872532e-04
2.081020589193141e-03	2.553391e+00	3.445695e-01	4.397509e-04	-4.397509e-04	-4.397509e-04
2.091020589193141e-03	2.730639e+00	2.933066e-01	4.853134e-04	-4.853134e-04	-4.853134e-04
2.101020589193141e-03	2.864824e+00	2.374180e-01	5.232222e-04	-5.232222e-04	-5.232222e-04
2.111020589193141e-03	2.953829e+00	1.777853e-01	5.528795e-04	-5.528795e-04	-5.528795e-04
2.121020589193141e-03	2.996250e+00	1.153487e-01	5.738178e-04	-5.738178e-04	-5.738178e-04
2.131019884786056e-03	2.991420e+00	5.109764e-02	5.857059e-04	-5.857059e-04	-5.857059e-04
2.141019884786056e-03	2.939415e+00	-1.396379e-02	5.883580e-04	-5.883580e-04	-5.883580e-04
2.151019884786056e-03	2.841054e+00	-7.880498e-02	5.817316e-04	-5.817316e-04	-5.817316e-04
2.161019884786056e-03	2.697888e+00	-1.424034e-01	5.659309e-04	-5.659309e-04	-5.659309e-04
2.171019884786056e-03	2.512174e+00	-2.037560e-01	5.412052e-04	-5.412052e-04	-5.412052e-04
2.181019884786056e-03	2.286842e+00	-2.618952e-01	5.079443e-04	-5.079443e-04	-5.079443e-04
2.191019884786056e-03	2.025445e+00	-3.159043e-01	4.666728e-04	-4.666728e-04	-4.666728e-04
2.201019884786056e-03	1.732106e+00	-3.649313e-01	4.180417e-04	-4.180417e-04	-4.180417e-04
2.211019884786056e-03	1.411450e+00	-4.082031e-01	3.628177e-04	-3.628177e-04	-3.628177e-04
2.221019884786056e-03	1.068535e+00	-4.450373e-01	3.018719e-04	-3.018719e-04	-3.018719e-04
2.231019884786056e-03	7.087686e-01	-4.748530e-01	2.361654e-04	-2.361654e-04	-2.361654e-04
2.241019884786056e-03	3.378243e-01	-4.971800e-01	1.667345e-04	-1.667345e-04	-1.667345e-04
2.251019884786056e-03	-3.844770e-02	-5.116662e-01	9.467401e-05	-9.467401e-05	-9.467401e-05
2.261019884786056e-03	-4.141133e-01	-5.180831e-01	2.112049e-05	-2.112049e-05	-2.112049e-05
2.271019884786056e-03	-7.832482e-01	-5.163295e-01	-5.276613e-05	5.276613e-05	5.276613e-05
2.281019884786056e-03	-1.140031e+00	-5.064331e-01	-1.258206e-04	1.258206e-04	1.258206e-04
2.291019884786056e-03	-1.478834e+00	-4.885499e-01	-1.968908e-04	1.968908e-04	1.968908e-04
2.301019884786056e-03	-1.794316e+00	-4.629620e-01	-2.648559e-04	2.648559e-04	2.648559e-04
2.311019884786056e-03	-2.081500e+00	-4.300730e-01	-3.286441e-04	3.286441e-04	3.286441e-04
2.321019884786056e-03	-2.335857e+00	-3.904014e-01	-3.872493e-04	3.872493e-04	3.872493e-04
2.331019884786056e-03	-2.553377e+00	-3.445729e-01	-4.397474e-04	4.397474e-04	4.397474e-04
2.341019884786056e-03	-2.730628e+00	-2.933103e-01	-4.853104e-04	4.853104e-04	4.853104e-04
2.351019884786056e-03	-2.864816e+00	-2.374221e-01	-5.232198e-04	5.232198e-04	5.232198e-04
2.361019884786056e-03	-2.953824e+00	-1.777896e-01	-5.528777e-04	5.528777e-04	5.528777e-04
2.371019884786056e-03	-2.996248e+00	-1.153532e-01	-5.738165e-04	5.738165e-04	5.738165e-04
2.381019622417623e-03	-2.991421e+00	-5.109933e-02	-5.857056e-04	5.857056e-04	5.857056e-04
2.391019622417623e-03	-2.939417e+00	1.396208e-02	-5.883580e-04	5.883580e-04	5.883580e-04
2.401019622417623e-03	-2.841057e+00	7.880329e-02	-5.817319e-04	5.817319e-04	5.817319e-04
2.411019622417623e-03	-2.697892e+00	1.424017e-01	-5.659314e-04	5.659314e-04	5.659314e-04
2.421019622417623e-03	-2.512180e+00	2.037544e-01	-5.412059e-04	5.412059e-04	5.412059e-04
2.431019622417623e-03	-2.286849e+00	2.618937e-01	-5.079453e-04	5.079453e-04	5.079453e-04
2.441019622417624e-03	-2.025453e+00	3.159029e-01	-4.666740e-04	4.666740e-04	4.666740e-04
2.451019622417624e-03	-1.732114e+00	3.649300e-01	-4.180430e-04	4.180430e-04	4.180430e-04
2.461019622417624e-03	-1.411459e+00	4.082020e-01	-3.628192e-04	3.628192e-04	3.628192e-04
2.471019622417624e-03	-1.068544e+00	4.450364e-01	-3.018736e-04	3.018736e-04	3.018736e-04
2.481019622417624e-03	-7.087782e-01	4.748523e-01	-2.361672e-04	2.361672e-04	2.361672e-04
2.491019622417624e-03	-3.378341e-01	4.971795e-01	-1.667363e-04	1.667363e-04	1.667363e-04
2.501019622417624e-03	3.843781e-02	5.116659e-01	-9.467593e-05	9.467593e-05	9.467593e-05
2.511019622417624e-03	4.141035e-01	5.180830e-01	-2.112243e-05	2.112243e-05	2.112243e-05
2.521019622417624e-03	7.832386e-01	5.163296e-01	5.276419e-05	-5.276419e-05	-5.276419e-05
2.531019622417624e-03	1.140022e+00	5.064335e-01	1.258187e-04	-1.258187e-04	-1.258187e-04
2.541019622417624e-03	1.478826e+00	4.885505e-01	1.968889e-04	-1.968889e-04	-1.968889e-04
2.551019622417624e-03	1.794308e+00	4.629628e-01	2.648541e-04	-2.648541e-04	-2.648541e-04
2.561019622417624e-03	2.081493e+00	4.300739e-01	3.286424e-04	-3.286424e-04	-3.286424e-04
2.571019622417624e-03	2.335851e+00	3.904025e-01	3.872478e-04	-3.872478e-04	-3.872478e-04
2.581019622417624e-03	2.553372e+00	3.445742e-01	4.397461e-04	-4.397461e-04	-4.397461e-04
2.591019622417624e-03	2.730624e+00	2.933118e-01	4.853093e-04	-4.853093e-04	-4.853093e-04
2.601019622417624e-03	2.864813e+00	2.374236e-01	5.232189e-04	-5.232189e-04	-5.232189e-04
2.611019622417624e-03	2.953822e+00	1.777912e-01	5.528771e-04	-5.528771e-04	-5.528771e-04
2.621019622417624e-03	2.996248e+00	1.153549e-01	5.738160e-04	-5.738160e-04	-5.738160e-04
2.631019524693976e-03	2.991421e+00	5.109996e-02	5.857054e-04	-5.857054e-04	-5.857054e-04
2.641019524693976e-03	2.939418e+00	-1.396144e-02	5.883581e-04	-5.883581e-04	-5.883581e-04
2.651019524693976e-03	2.841058e+00	-7.880266e-02	5.817320e-04	-5.817320e-04	-5.817320e-04
2.661019524693976e-03	2.697894e+00	-1.424011e-01	5.659317e-04	-5.659317e-04	-5.659317e-04
2.671019524693976e-03	2.512182e+00	-2.037538e-01	5.412062e-04	-5.412062e-04	-5.412062e-04
2.681019524693976e-03	2.286851e+00	-2.618932e-01	5.079457e-04	-5.079457e-04	-5.079457e-04
2.691019524693976e-03	2.025455e+00	-3.159024e-01	4.666744e-04	-4.666744e-04	-4.666744e-04
2.701019524693976e-03	1.732117e+00	-3.649296e-01	4.180435e-04	-4.180435e-04	-4.180435e-04
2.711019524693976e-03	1.411462e+00	-4.082016e-01	3.628198e-04	-3.628198e-04	-3.628198e-04
2.721019524693976e-03	1.068548e+00	-4.450361e-01	3.018742e-04	-3.018742e-04	-3.018742e-04
2.731019524693976e-03	7.087818e-01	-4.748521e-01	2.361679e-04	-2.361679e-04	-2.361679e-04
2.741019524693976e-03	3.378378e-01	-4.971794e-01	1.667370e-04	-1.667370e-04	-1.667370e-04
2.751019524693976e-03	-3.843413e-02	-5.116658e-01	9.467664e-05	-9.467664e-05	-9.467664e-05
2.761019524693976e-03	-4.140999e-01	-5.180830e-01	2.112315e-05	-2.112315e-05	-2.112315e-05
2.771019524693976e-03	-7.832351e-01	-5.163297e-01	-5.276347e-05	5.276347e-05	5.276347e-05
2.781019524693976e-03	-1.140018e+00	-5.064336e-01	-1.258180e-04	1.258180e-04	1.258180e-04
2.791019524693976e-03	-1.478822e+00	-4.885507e-01	-1.968883e-04	1.968883e-04	1.968883e-04
2.801019524693976e-03	-1.794305e+00	-4.629631e-01	-2.648535e-04	2.648535e-04	2.648535e-04
2.811019524693976e-03	-2.081490e+00	-4.300743e-01	-3.286418e-04	3.286418e-04	3.286418e-04
2.821019524693976e-03	-2.335849e+00	-3.904029e-01	-3.872473e-04	3.872473e-04	3.872473e-04
2.831019524693976e-03	-2.553370e+00	-3.445747e-01	-4.397456e-04	4.397456e-04	4.397456e-04
2.841019524693976e-03	-2.730623e+00	-2.933123e-01	-4.853089e-04	4.853089e-04	4.853089e-04
2.851019524693976e-03	-2.864812e+00	-2.374242e-01	-5.232186e-04	5.232186e-04	5.232186e-04
2.861019524693976e-03	-2.953822e+00	-1.777918e-01	-5.528768e-04	5.528768e-04	5.528768e-04
2.871019524693976e-03	-2.996248e+00	-1.153555e-01	-5.738158e-04	5.738158e-04	5.738158e-04
2.881019488295111e-03	-2.991421e+00	-5.110020e-02	-5.857054e-04	5.857054e-04	5.857054e-04
2.891019488295111e-03	-2.939418e+00	1.396120e-02	-5.883581e-04	5.883581e-04	5.883581e-04
2.901019488295111e-03	-2.841059e+00	7.880242e-02	-5.817320e-04	5.817320e-04	5.817320e-04
2.911019488295111e-03	-2.697895e+00	1.424009e-01	-5.659317e-04	5.659317e-04	5.659317e-04
2.921019488295111e-03	-2.512183e+00	2.037536e-01	-5.412063e-04	5.412063e-04	5.412063e-04
2.931019488295111e-03	-2.286852e+00	2.618930e-01	-5.079458e-04	5.079458e-04	5.079458e-04
2.941019488295111e-03	-2.025456e+00	3.159022e-01	-4.666746e-04	4.666746e-04	4.666746e-04
2.951019488295111e-03	-1.732118e+00	3.649294e-01	-4.180437e-04	4.180437e-04	4.180437e-04
2.961019488295111e-03	-1.411463e+00	4.082015e-01	-3.628200e-04	3.628200e-04	3.628200e-04
2.971019488295111e-03	-1.068549e+00	4.450360e-01	-3.018744e-04	3.018744e-04	3.018744e-04
2.981019488295111e-03	-7.087831e-01	4.748520e-01	-2.361681e-04	2.361681e-04	2.361681e-04
2.991019488295112e-03	-3.378392e-01	4.971793e-01	-1.667373e-04	1.667373e-04	1.667373e-04
3.001019488295112e-03	3.843275e-02	5.116658e-01	-9.467691e-05	9.467691e-05	9.467691e-05
3.011019488295112e-03	4.140985e-01	5.180830e-01	-2.112342e-05	2.112342e-05	2.112342e-05
3.021019488295112e-03	7.832338e-01	5.163297e-01	5.276320e-05	-5.276320e-05	-5.276320e-05
3.031019488295112e-03	1.140017e+00	5.064336e-01	1.258177e-04	-1.258177e-04	-1.258177e-04
3.041019488295112e-03	1.478821e+00	4.885508e-01	1.968880e-04	-1.968880e-04	-1.968880e-04
3.051019488295112e-03	1.794304e+00	4.629632e-01	2.648533e-04	-2.648533e-04	-2.648533e-04
3.061019488295112e-03	2.081489e+00	4.300744e-01	3.286416e-04	-3.286416e-04	-3.286416e-04
3.071019488295112e-03	2.335848e+00	3.904031e-01	3.872471e-04	-3.872471e-04	-3.872471e-04
3.081019488295112e-03	2.553369e+00	3.445749e-01	4.397455e-04	-4.397455e-04	-4.397455e-04
3.091019488295112e-03	2.730622e+00	2.933125e-01	4.853088e-04	-4.853088e-04	-4.853088e-04
3.101019488295112e-03	2.864812e+00	2.374244e-01	5.232185e-04	-5.232185e-04	-5.232185e-04
3.111019488295112e-03	2.953821e+00	1.777920e-01	5.528767e-04	-5.528767e-04	-5.528767e-04
3.121019488295112e-03	2.996248e+00	1.153557e-01	5.738158e-04	-5.738158e-04	-5.738158e-04
3.131019474737723e-03	2.991421e+00	5.110029e-02	5.857054e-04	-5.857054e-04	-5.857054e-04
3.141019474737723e-03	2.939419e+00	-1.396111e-02	5.883581e-04	-5.883581e-04	-5.883581e-04
3.151019474737723e-03	2.841059e+00	-7.880234e-02	5.817321e-04	-5.817321e-04	-5.817321e-04
3.161019474737723e-03	2.697895e+00	-1.424008e-01	5.659318e-04	-5.659318e-04	-5.659318e-04
3.171019474737723e-03	2.512183e+00	-2.037535e-01	5.412063e-04	-5.412063e-04	-5.412063e-04
3.181019474737723e-03	2.286852e+00	-2.618929e-01	5.079458e-04	-5.079458e-04	-5.079458e-04
3.191019474737723e-03	2.025457e+00	-3.159021e-01	4.666747e-04	-4.666747e-04	-4.666747e-04
3.201019474737723e-03	1.732119e+00	-3.649293e-01	4.180438e-04	-4.180438e-04	-4.180438e-04
3.211019474737723e-03	1.411464e+00	-4.082014e-01	3.628201e-04	-3.628201e-04	-3.628201e-04
3.221019474737723e-03	1.068550e+00	-4.450359e-01	3.018745e-04	-3.018745e-04	-3.018745e-04
3.231019474737723e-03	7.087836e-01	-4.748519e-01	2.361682e-04	-2.361682e-04	-2.361682e-04
3.241019474737723e-03	3.378397e-01	-4.971793e-01	1.667374e-04	-1.667374e-04	-1.667374e-04
3.251019474737723e-03	-3.843224e-02	-5.116658e-01	9.467701e-05	-9.467701e-05	-9.467701e-05
3.261019474737723e-03	-4.140980e-01	-5.180830e-01	2.112352e-05	-2.112352e-05	-2.112352e-05
3.271019474737723e-03	-7.832333e-01	-5.163297e-01	-5.276310e-05	5.276310e-05	5.276310e-05
3.281019474737723e-03	-1.140016e+00	-5.064337e-01	-1.258176e-04	1.258176e-04	1.258176e-04
3.291019474737723e-03	-1.478821e+00	-4.885508e-01	-1.968879e-04	1.968879e-04	1.968879e-04
3.301019474737723e-03	-1.794303e+00	-4.629632e-01	-2.648532e-04	2.648532e-04	2.648532e-04
3.311019474737723e-03	-2.081489e+00	-4.300745e-01	-3.286415e-04	3.286415e-04	3.286415e-04
3.321019474737723e-03	-2.335848e+00	-3.904032e-01	-3.872470e-04	3.872470e-04	3.872470e-04
3.331019474737723e-03	-2.553369e+00	-3.445749e-01	-4.397454e-04	4.397454e-04	4.397454e-04
3.341019474737723e-03	-2.730622e+00	-2.933125e-01	-4.853087e-04	4.853087e-04	4.853087e-04
3.351019474737723e-03	-2.864812e+00	-2.374245e-01	-5.232184e-04	5.232184e-04	5.232184e-04
3.361019474737723e-03	-2.953821e+00	-1.777921e-01	-5.528767e-04	5.528767e-04	5.528767e-04
3.371019474737723e-03	-2.996248e+00	-1.153558e-01	-5.738157e-04	5.738157e-04	5.738157e-04
3.381019469688038e-03	-2.991421e+00	-5.110032e-02	-5.857054e-04	5.857054e-04	5.857054e-04
3.391019469688038e-03	-2.939419e+00	1.396108e-02	-5.883581e-04	5.883581e-04	5.883581e-04
3.401019469688038e-03	-2.841059e+00	7.880230e-02	-5.817321e-04	5.817321e-04	5.817321e-04
3.411019469688038e-03	-2.697895e+00	1.424008e-01	-5.659318e-04	5.659318e-04	5.659318e-04
3.421019469688038e-03	-2.512183e+00	2.037535e-01	-5.412063e-04	5.412063e-04	5.412063e-04
3.431019469688038e-03	-2.286853e+00	2.618929e-01	-5.079458e-04	5.079458e-04	5.079458e-04
3.441019469688038e-03	-2.025457e+00	3.159021e-01	-4.666747e-04	4.666747e-04	4.666747e-04
3.451019469688039e-03	-1.732119e+00	3.649293e-01	-4.180438e-04	4.180438e-04	4.180438e-04
3.461019469688039e-03	-1.411464e+00	4.082014e-01	-3.628201e-04	3.628201e-04	3.628201e-04
3.471019469688039e-03	-1.068550e+00	4.450359e-01	-3.018746e-04	3.018746e-04	3.018746e-04
3.481019469688039e-03	-7.087838e-01	4.748519e-01	-2.361682e-04	2.361682e-04	2.361682e-04
3.491019469688039e-03	-3.378398e-01	4.971792e-01	-1.667374e-04	1.667374e-04	1.667374e-04
3.501019469688039e-03	3.843205e-02	5.116658e-01	-9.467705e-05	9.467705e-05	9.467705e-05
3.511019469688039e-03	4.140978e-01	5.180830e-01	-2.112355e-05	2.112355e-05	2.112355e-05
3.521019469688039e-03	7.832330e-01	5.163297e-01	5.276307e-05	-5.276307e-05	-5.276307e-05
3.531019469688039e-03	1.140016e+00	5.064337e-01	1.258176e-04	-1.258176e-04	-1.258176e-04
3.541019469688039e-03	1.478821e+00	4.885508e-01	1.968879e-04	-1.968879e-04	-1.968879e-04
3.551019469688039e-03	1.794303e+00	4.629633e-01	2.648532e-04	-2.648532e-04	-2.648532e-04
3.561019469688039e-03	2.081489e+00	4.300745e-01	3.286415e-04	-3.286415e-04	-3.286415e-04
3.571019469688039e-03	2.335848e+00	3.904032e-01	3.872470e-04	-3.872470e-04	-3.872470e-04
3.581019469688039e-03	2.553369e+00	3.445749e-01	4.397454e-04	-4.397454e-04	-4.397454e-04
3.591019469688039e-03	2.730622e+00	2.933126e-01	4.853087e-04	-4.853087e-04	-4.853087e-04
3.601019469688039e-03	2.864812e+00	2.374245e-01	5.232184e-04	-5.232184e-04	-5.232184e-04
3.611019469688039e-03	2.953821e+00	1.777921e-01	5.528767e-04	-5.528767e-04	-5.528767e-04
3.621019469688039e-03	2.996248e+00	1.153558e-01	5.738157e-04	-5.738157e-04	-5.738157e-04
3.631019467807195e-03	2.991421e+00	5.110033e-02	5.857054e-04	-5.857054e-04	-5.857054e-04
3.641019467807195e-03	2.939419e+00	-1.396107e-02	5.883581e-04	-5.883581e-04	-5.883581e-04
3.651019467807195e-03	2.841059e+00	-7.880230e-02	5.817321e-04	-5.817321e-04	-5.817321e-04
3.661019467807195e-03	2.697895e+00	-1.424008e-01	5.659318e-04	-5.659318e-04	-5.659318e-04
3.671019467807196e-03	2.512183e+00	-2.037535e-01	5.412064e-04	-5.412064e-04	-5.412064e-04
3.681019467807196e-03	2.286853e+00	-2.618929e-01	5.079458e-04	-5.079458e-04	-5.079458e-04
3.691019467807196e-03	2.025457e+00	-3.159021e-01	4.666747e-04	-4.666747e-04	-4.666747e-04
3.701019467807196e-03	1.732119e+00	-3.649293e-01	4.180438e-04	-4.180438e-04	-4.180438e-04
3.711019467807196e-03	1.411464e+00	-4.082014e-01	3.628201e-04	-3.628201e-04	-3.628201e-04
3.721019467807196e-03	1.068550e+00	-4.450359e-01	3.018746e-04	-3.018746e-04	-3.018746e-04
3.731019467807196e-03	7.087839e-01	-4.748519e-01	2.361683e-04	-2.361683e-04	-2.361683e-04
3.741019467807196e-03	3.378399e-01	-4.971792e-01	1.667374e-04	-1.667374e-04	-1.667374e-04
3.751019467807196e-03	-3.843198e-02	-5.116658e-01	9.467706e-05	-9.467706e-05	-9.467706e-05
3.761019467807196e-03	-4.140978e-01	-5.180830e-01	2.112357e-05	-2.112357e-05	-2.112357e-05
3.771019467807196e-03	-7.832330e-01	-5.163297e-01	-5.276305e-05	5.276305e-05	5.276305e-05
3.781019467807196e-03	-1.140016e+00	-5.064337e-01	-1.258176e-04	1.258176e-04	1.258176e-04
3.791019467807196e-03	-1.478821e+00	-4.885508e-01	-1.968879e-04	1.968879e-04	1.968879e-04
3.801019467807196e-03	-1.794303e+00	-4.629633e-01	-2.648531e-04	2.648531e-04	2.648531e-04
3.811019467807196e-03	-2.081489e+00	-4.300745e-01	-3.286415e-04	3.286415e-04	3.286415e-04
3.821019467807196e-03	-2.335848e+00	-3.904032e-01	-3.872470e-04	3.872470e-04	3.872470e-04
3.831019467807196e-03	-2.553369e+00	-3.445750e-01	-4.397454e-04	4.397454e-04	4.397454e-04
3.841019467807196e-03	-2.730622e+00	-2.933126e-01	-4.853087e-04	4.853087e-04	4.853087e-04
3.851019467807196e-03	-2.864812e+00	-2.374245e-01	-5.232184e-04	5.232184e-04	5.232184e-04
3.861019467807196e-03	-2.953821e+00	-1.777921e-01	-5.528767e-04	5.528767e-04	5.528767e-04
3.871019467807196e-03	-2.996248e+00	-1.153558e-01	-5.738157e-04	5.738157e-04	5.738157e-04
3.881019467106643e-03	-2.991421e+00	-5.110034e-02	-5.857054e-04	5.857054e-04	5.857054e-04
3.891019467106643e-03	-2.939419e+00	1.396106e-02	-5.883581e-04	5.883581e-04	5.883581e-04
3.901019467106643e-03	-2.841059e+00	7.880229e-02	-5.817321e-04	5.817321e-04	5.817321e-04
3.911019467106643e-03	-2.697895e+00	1.424008e-01	-5.659318e-04	5.659318e-04	5.659318e-04
3.921019467106643e-03	-2.512183e+00	2.037535e-01	-5.412064e-04	5.412064e-04	5.412064e-04
3.931019467106642e-03	-2.286853e+00	2.618929e-01	-5.079458e-04	5.079458e-04	5.079458e-04
3.941019467106642e-03	-2.025457e+00	3.159021e-01	-4.666747e-04	4.666747e-04	4.666747e-04
3.951019467106642e-03	-1.732119e+00	3.649293e-01	-4.180438e-04	4.180438e-04	4.180438e-04
3.961019467106641e-03	-1.411464e+00	4.082014e-01	-3.628202e-04	3.628202e-04	3.628202e-04
3.971019467106641e-03	-1.068550e+00	4.450359e-01	-3.018746e-04	3.018746e-04	3.018746e-04
3.981019467106640e-03	-7.087839e-01	4.748519e-01	-2.361683e-04	2.361683e-04	2.361683e-04
3.991019467106640e-03	-3.378399e-01	4.971792e-01	-1.667374e-04	1.667374e-04	1.667374e-04
4.001019467106640e-03	3.843195e-02	5.116658e-01	-9.467707e-05	9.467707e-05	9.467707e-05
4.011019467106639e-03	4.140978e-01	5.180830e-01	-2.112357e-05	2.112357e-05	2.112357e-05
4.021019467106639e-03	7.832330e-01	5.163298e-01	5.276305e-05	-5.276305e-05	-5.276305e-05
4.031019467106638e-03	1.140016e+00	5.064337e-01	1.258176e-04	-1.258176e-04	-1.258176e-04
4.041019467106638e-03	1.478821e+00	4.885508e-01	1.968879e-04	-1.968879e-04	-1.968879e-04
4.051019467106638e-03	1.794303e+00	4.629633e-01	2.648531e-04	-2.648531e-04	-2.648531e-04
4.061019467106637e-03	2.081488e+00	4.300745e-01	3.286415e-04	-3.286415e-04	-3.286415e-04
4.071019467106637e-03	2.335847e+00	3.904032e-01	3.872470e-04	-3.872470e-04	-3.872470e-04
4.081019467106636e-03	2.553369e+00	3.445750e-01	4.397454e-04	-4.397454e-04	-4.397454e-04
4.091019467106636e-03	2.730622e+00	2.933126e-01	4.853087e-04	-4.853087e-04	-4.853087e-04
4.101019467106636e-03	2.864812e+00	2.374245e-01	5.232184e-04	-5.232184e-04	-5.232184e-04
4.111019467106635e-03	2.953821e+00	1.777921e-01	5.528767e-04	-5.528767e-04	-5.528767e-04
4.121019467106635e-03	2.996248e+00	1.153558e-01	5.738157e-04	-5.738157e-04	-5.738157e-04
4.131019466845707e-03	2.991421e+00	5.110034e-02	5.857054e-04	-5.857054e-04	-5.857054e-04
4.141019466845706e-03	2.939419e+00	-1.396106e-02	5.883581e-04	-5.883581e-04	-5.883581e-04
4.151019466845706e-03	2.841059e+00	-7.880229e-02	5.817321e-04	-5.817321e-04	-5.817321e-04
4.161019466845705e-03	2.697895e+00	-1.424008e-01	5.659318e-04	-5.659318e-04	-5.659318e-04
4.171019466845705e-03	2.512183e+00	-2.037535e-01	5.412064e-04	-5.412064e-04	-5.412064e-04
4.181019466845705e-03	2.286853e+00	-2.618929e-01	5.079458e-04	-5.079458e-04	-5.079458e-04
4.191019466845704e-03	2.025457e+00	-3.159021e-01	4.666747e-04	-4.666747e-04	-4.666747e-04
4.201019466845704e-03	1.732119e+00	-3.649293e-01	4.180438e-04	-4.180438e-04	-4.180438e-04
4.211019466845703e-03	1.411464e+00	-4.082014e-01	3.628202e-04	-3.628202e-04	-3.628202e-04
4.221019466845703e-03	1.068550e+00	-4.450359e-01	3.018746e-04	-3.018746e-04	-3.018746e-04
4.231019466845703e-03	7.087839e-01	-4.748519e-01	2.361683e-04	-2.361683e-04	-2.361683e-04
4.241019466845702e-03	3.378400e-01	-4.971792e-01	1.667374e-04	-1.667374e-04	-1.667374e-04
4.251019466845702e-03	-3.843194e-02	-5.116658e-01	9.467707e-05	-9.467707e-05	-9.467707e-05
4.261019466845701e-03	-4.140978e-01	-5.180830e-01	2.112358e-05	-2.112358e-05	-2.112358e-05
4.271019466845701e-03	-7.832330e-01	-5.163298e-01	-5.276304e-05	5.276304e-05	5.276304e-05
4.281019466845701e-03	-1.140016e+00	-5.064337e-01	-1.258176e-04	1.258176e-04	1.258176e-04
4.291019466845700e-03	-1.478821e+00	-4.885508e-01	-1.968878e-04	1.968878e-04	1.968878e-04
4.301019466845700e-03	-1.794303e+00	-4.629633e-01	-2.648531e-04	2.648531e-04	2.648531e-04
4.311019466845699e-03	-2.081488e+00	-4.300745e-01	-3.286415e-04	3.286415e-04	3.286415e-04
4.321019466845699e-03	-2.335847e+00	-3.904032e-01	-3.872470e-04	3.872470e-04	3.872470e-04
4.331019466845699e-03	-2.553369e+00	-3.445750e-01	-4.397454e-04	4.397454e-04	4.397454e-04
4.341019466845698e-03	-2.730622e+00	-2.933126e-01	-4.853087e-04	4.853087e-04	4.853087e-04
4.351019466845698e-03	-2.864812e+00	-2.374245e-01	-5.232184e-04	5.232184e-04	5.232184e-04
4.361019466845697e-03	-2.953821e+00	-1.777921e-01	-5.528767e-04	5.528767e-04	5.528767e-04
4.371019466845697e-03	-2.996248e+00	-1.153559e-01	-5.738157e-04	5.738157e-04	5.738157e-04
4.381019466748516e-03	-2.991421e+00	-5.110034e-02	-5.857054e-04	5.857054e-04	5.857054e-04
4.391019466748516e-03	-2.939419e+00	1.396106e-02	-5.883581e-04	5.883581e-04	5.883581e-04
4.401019466748516e-03	-2.841059e+00	7.880229e-02	-5.817321e-04	5.817321e-04	5.817321e-04
4.411019466748515e-03	-2.697895e+00	1.424008e-01	-5.659318e-04	5.659318e-04	5.659318e-04
4.421019466748515e-03	-2.512183e+00	2.037535e-01	-5.412064e-04	5.412064e-04	5.412064e-04
4.431019466748514e-03	-2.286853e+00	2.618929e-01	-5.079458e-04	5.079458e-04	5.079458e-04
4.441019466748514e-03	-2.025457e+00	3.159021e-01	-4.666747e-04	4.666747e-04	4.666747e-04
4.451019466748514e-03	-1.732119e+00	3.649293e-01	-4.180438e-04	4.180438e-04	4.180438e-04
4.461019466748513e-03	-1.411464e+00	4.082014e-01	-3.628202e-04	3.628202e-04	3.628202e-04
4.471019466748513e-03	-1.068550e+00	4.450359e-01	-3.018746e-04	3.018746e-04	3.018746e-04
4.481019466748512e-03	-7.087839e-01	4.748519e-01	-2.361683e-04	2.361683e-04	2.361683e-04
4.491019466748512e-03	-3.378400e-01	4.971792e-01	-1.667374e-04	1.667374e-04	1.667374e-04
4.501019466748512e-03	3.843194e-02	5.116658e-01	-9.467707e-05	9.467707e-05	9.467707e-05
4.511019466748511e-03	4.140977e-01	5.180830e-01	-2.112358e-05	2.112358e-05	2.112358e-05
4.521019466748511e-03	7.832330e-01	5.163298e-01	5.276304e-05	-5.276304e-05	-5.276304e-05
4.531019466748510e-03	1.140016e+00	5.064337e-01	1.258176e-04	-1.258176e-04	-1.258176e-04
4.541019466748510e-03	1.478821e+00	4.885508e-01	1.968878e-04	-1.968878e-04	-1.968878e-04
4.551019466748510e-03	1.794303e+00	4.629633e-01	2.648531e-04	-2.648531e-04	-2.648531e-04
4.561019466748509e-03	2.081488e+00	4.300745e-01	3.286415e-04	-3.286415e-04	-3.286415e-04
4.571019466748509e-03	2.335847e+00	3.904032e-01	3.872470e-04	-3.872470e-04	-3.872470e-04
4.581019466748508e-03	2.553369e+00	3.445750e-01	4.397454e-04	-4.397454e-04	-4.397454e-04
4.591019466748508e-03	2.730622e+00	2.933126e-01	4.853087e-04	-4.853087e-04	-4.853087e-04
4.601019466748507e-03	2.864812e+00	2.374245e-01	5.232184e-04	-5.232184e-04	-5.232184e-04
4.611019466748507e-03	2.953821e+00	1.777921e-01	5.528767e-04	-5.528767e-04	-5.528767e-04
4.621019466748507e-03	2.996248e+00	1.153559e-01	5.738157e-04	-5.738157e-04	-5.738157e-04
4.631019466712316e-03	2.991421e+00	5.110034e-02	5.857054e-04	-5.857054e-04	-5.857054e-04
4.641019466712315e-03	2.939419e+00	-1.396106e-02	5.883581e-04	-5.883581e-04	-5.883581e-04
4.651019466712315e-03	2.841059e+00	-7.880229e-02	5.817321e-04	-5.817321e-04	-5.817321e-04
4.661019466712314e-03	2.697895e+00	-1.424008e-01	5.659318e-04	-5.659318e-04	-5.659318e-04
4.671019466712314e-03	2.512183e+00	-2.037535e-01	5.412064e-04	-5.412064e-04	-5.412064e-04
4.681019466712314e-03	2.286853e+00	-2.618929e-01	5.079458e-04	-5.079458e-04	-5.079458e-04
4.691019466712313e-03	2.025457e+00	-3.159021e-01	4.666747e-04	-4.666747e-04	-4.666747e-04
4.701019466712313e-03	1.732119e+00	-3.649293e-01	4.180438e-04	-4.180438e-04	-4.180438e-04
4.711019466712312e-03	1.411464e+00	-4.082014e-01	3.628202e-04	-3.628202e-04	-3.628202e-04
4.721019466712312e-03	1.068550e+00	-4.450359e-01	3.018746e-04	-3.018746e-04	-3.018746e-04
4.731019466712312e-03	7.087839e-01	-4.748519e-01	2.361683e-04	-2.361683e-04	-2.361683e-04
4.741019466712311e-03	3.378400e-01	-4.971792e-01	1.667374e-04	-1.667374e-04	-1.667374e-04
4.751019466712311e-03	-3.843194e-02	-5.116658e-01	9.467707e-05	-9.467707e-05	-9.467707e-05
4.761019466712310e-03	-4.140977e-01	-5.180830e-01	2.112358e-05	-2.112358e-05	-2.112358e-05
4.771019466712310e-03	-7.832330e-01	-5.163298e-01	-5.276304e-05	5.276304e-05	5.276304e-05
4.781019466712309e-03	-1.140016e+00	-5.064337e-01	-1.258176e-04	1.258176e-04	1.258176e-04
4.791019466712309e-03	-1.478821e+00	-4.885508e-01	-1.968878e-04	1.968878e-04	1.968878e-04
4.801019466712309e-03	-1.794303e+00	-4.629633e-01	-2.648531e-04	2.648531e-04	2.648531e-04
4.811019466712308e-03	-2.081488e+00	-4.300745e-01	-3.286415e-04	3.286415e-04	3.286415e-04
4.821019466712308e-03	-2.335847e+00	-3.904032e-01	-3.872470e-04	3.872470e-04	3.872470e-04
4.831019466712307e-03	-2.553369e+00	-3.445750e-01	-4.397454e-04	4.397454e-04	4.397454e-04
4.841019466712307e-03	-2.730622e+00	-2.933126e-01	-4.853087e-04	4.853087e-04	4.853087e-04
4.851019466712307e-03	-2.864812e+00	-2.374245e-01	-5.232184e-04	5.232184e-04	5.232184e-04
4.861019466712306e-03	-2.953821e+00	-1.777921e-01	-5.528767e-04	5.528767e-04	5.528767e-04
4.871019466712306e-03	-2.996248e+00	-1.153559e-01	-5.738157e-04	5.738157e-04	5.738157e-04
4.881019466698833e-03	-2.991421e+00	-5.110034e-02	-5.857054e-04	5.857054e-04	5.857054e-04
4.891019466698832e-03	-2.939419e+00	1.396106e-02	-5.883581e-04	5.883581e-04	5.883581e-04
4.901019466698832e-03	-2.841059e+00	7.880229e-02	-5.817321e-04	5.817321e-04	5.817321e-04
4.911019466698831e-03	-2.697895e+00	1.424008e-01	-5.659318e-04	5.659318e-04	5.659318e-04
4.921019466698831e-03	-2.512183e+00	2.037535e-01	-5.412064e-04	5.412064e-04	5.412064e-04
4.931019466698831e-03	-2.286853e+00	2.618929e-01	-5.079458e-04	5.079458e-04	5.079458e-04
4.941019466698830e-03	-2.025457e+00	3.159021e-01	-4.666747e-04	4.666747e-04	4.666747e-04
4.951019466698830e-03	-1.732119e+00	3.649293e-01	-4.180438e-04	4.180438e-04	4.180438e-04
4.961019466698829e-03	-1.411464e+00	4.082014e-01	-3.628202e-04	3.628202e-04	3.628202e-04
4.971019466698829e-03	-1.068550e+00	4.450359e-01	-3.018746e-04	3.018746e-04	3.018746e-04
4.981019466698829e-03	-7.087839e-01	4.748519e-01	-2.361683e-04	2.361683e-04	2.361683e-04
4.991019466698828e-03	-3.378400e-01	4.971792e-01	-1.667374e-04	1.667374e-04	1.667374e-04
5.001019466698828e-03	3.843194e-02	5.116658e-01	-9.467707e-05	9.467707e-05	9.467707e-05
5.011019466698827e-03	4.140977e-01	5.180830e-01	-2.112358e-05	2.112358e-05	2.112358e-05
5.021019466698827e-03	7.832330e-01	5.163298e-01	5.276304e-05	-5.276304e-05	-5.276304e-05
5.031019466698827e-03	1.140016e+00	5.064337e-01	1.258176e-04	-1.258176e-04	-1.258176e-04
5.041019466698826e-03	1.478821e+00	4.885508e-01	1.968878e-04	-1.968878e-04	-1.968878e-04
5.051019466698826e-03	1.794303e+00	4.629633e-01	2.648531e-04	-2.648531e-04	-2.648531e-04
5.061019466698825e-03	2.081488e+00	4.300745e-01	3.286415e-04	-3.286415e-04	-3.286415e-04
5.071019466698825e-03	2.335847e+00	3.904032e-01	3.872470e-04	-3.872470e-04	-3.872470e-04
5.081019466698825e-03	2.553369e+00	3.445750e-01	4.397454e-04	-4.397454e-04	-4.397454e-04
5.091019466698824e-03	2.730622e+00	2.933126e-01	4.853087e-04	-4.853087e-04	-4.853087e-04
5.101019466698824e-03	2.864812e+00	2.374245e-01	5.232184e-04	-5.232184e-04	-5.232184e-04
5.111019466698823e-03	2.953821e+00	1.777921e-01	5.528767e-04	-5.528767e-04	-5.528767e-04
5.121019466698823e-03	2.996248e+00	1.153559e-01	5.738157e-04	-5.738157e-04	-5.738157e-04
5.131019466693811e-03	2.991421e+00	5.110034e-02	5.857054e-04	-5.857054e-04	-5.857054e-04
5.141019466693810e-03	2.939419e+00	-1.396106e-02	5.883581e-04	-5.883581e-04	-5.883581e-04
5.151019466693810e-03	2.841059e+00	-7.880229e-02	5.817321e-04	-5.817321e-04	-5.817321e-04
5.161019466693810e-03	2.697895e+00	-1.424008e-01	5.659318e-04	-5.659318e-04	-5.659318e-04
5.171019466693809e-03	2.512183e+00	-2.037535e-01	5.412064e-04	-5.412064e-04	-5.412064e-04
5.181019466693809e-03	2.286853e+00	-2.618929e-01	5.079458e-04	-5.079458e-04	-5.079458e-04
5.191019466693808e-03	2.025457e+00	-3.159021e-01	4.666747e-04	-4.666747e-04	-4.666747e-04
5.201019466693808e-03	1.732119e+00	-3.649293e-01	4.180438e-04	-4.180438e-04	-4.180438e-04
5.211019466693808e-03	1.411464e+00	-4.082014e-01	3.628202e-04	-3.628202e-04	-3.628202e-04
5.221019466693807e-03	1.068550e+00	-4.450359e-01	3.018746e-04	-3.018746e-04	-3.018746e-04
5.231019466693807e-03	7.087839e-01	-4.748519e-01	2.361683e-04	-2.361683e-04	-2.361683e-04
5.241019466693806e-03	3.378400e-01	-4.971792e-01	1.667374e-04	-1.667374e-04	-1.667374e-04
5.251019466693806e-03	-3.843194e-02	-5.116658e-01	9.467707e-05	-9.467707e-05	-9.467707e-05
5.261019466693806e-03	-4.140977e-01	-5.180830e-01	2.112358e-05	-2.112358e-05	-2.112358e-05
5.271019466693805e-03	-7.832330e-01	-5.163298e-01	-5.276304e-05	5.276304e-05	5.276304e-05
5.281019466693805e-03	-1.140016e+00	-5.064337e-01	-1.258176e-04	1.258176e-04	1.258176e-04
5.291019466693804e-03	-1.478821e+00	-4.885508e-01	-1.968878e-04	1.968878e-04	1.968878e-04
5.301019466693804e-03	-1.794303e+00	-4.629633e-01	-2.648531e-04	2.648531e-04	2.648531e-04
5.311019466693804e-03	-2.081488e+00	-4.300745e-01	-3.286415e-04	3.286415e-04	3.286415e-04
5.321019466693803e-03	-2.335847e+00	-3.904032e-01	-3.872470e-04	3.872470e-04	3.872470e-04
5.331019466693803e-03	-2.553369e+00	-3.445750e-01	-4.397454e-04	4.397454e-04	4.397454e-04
5.341019466693802e-03	-2.730622e+00	-2.933126e-01	-4.853087e-04	4.853087e-04	4.853087e-04
5.351019466693802e-03	-2.864812e+00	-2.374245e-01	-5.232184e-04	5.232184e-04	5.232184e-04
5.361019466693802e-03	-2.953821e+00	-1.777921e-01	-5.528767e-04	5.528767e-04	5.528767e-04
5.371019466693801e-03	-2.996248e+00	-1.153559e-01	-5.738157e-04	5.738157e-04	5.738157e-04
5.381019466691939e-03	-2.991421e+00	-5.110034e-02	-5.857054e-04	5.857054e-04	5.857054e-04
5.391019466691939e-03	-2.939419e+00	1.396106e-02	-5.883581e-04	5.883581e-04	5.883581e-04
5.401019466691939e-03	-2.841059e+00	7.880229e-02	-5.817321e-04	5.817321e-04	5.817321e-04
5.411019466691938e-03	-2.697895e+00	1.424008e-01	-5.659318e-04	5.659318e-04	5.659318e-04
5.421019466691938e-03	-2.512183e+00	2.037535e-01	-5.412064e-04	5.412064e-04	5.412064e-04
5.431019466691937e-03	-2.286853e+00	2.618929e-01	-5.079458e-04	5.079458e-04	5.079458e-04
5.441019466691937e-03	-2.025457e+00	3.159021e-01	-4.666747e-04	4.666747e-04	4.666747e-04
5.451019466691936e-03	-1.732119e+00	3.649293e-01	-4.180438e-04	4.180438e-04	4.180438e-04
5.461019466691936e-03	-1.411464e+00	4.082014e-01	-3.628202e-04	3.628202e-04	3.628202e-04
5.471019466691936e-03	-1.068550e+00	4.450359e-01	-3.018746e-04	3.018746e-04	3.018746e-04
5.481019466691935e-03	-7.087839e-01	4.748519e-01	-2.361683e-04	2.361683e-04	2.361683e-04
5.491019466691935e-03	-3.378400e-01	4.971792e-01	-1.667374e-04	1.667374e-04	1.667374e-04
5.501019466691934e-03	3.843194e-02	5.116658e-01	-9.467707e-05	9.467707e-05	9.467707e-05
5.511019466691934e-03	4.140977e-01	5.180830e-01	-2.112358e-05	2.112358e-05	2.112358e-05
5.521019466691934e-03	7.832330e-01	5.163298e-01	5.276304e-05	-5.276304e-05	-5.276304e-05
5.531019466691933e-03	1.140016e+00	5.064337e-01	1.258176e-04	-1.258176e-04	-1.258176e-04
5.541019466691933e-03	1.478821e+00	4.885508e-01	1.968878e-04	-1.968878e-04	-1.968878e-04
5.551019466691932e-03	1.794303e+00	4.629633e-01	2.648531e-04	-2.648531e-04	-2.648531e-04
5.561019466691932e-03	2.081488e+00	4.300745e-01	3.286415e-04	-3.286415e-04	-3.286415e-04
5.571019466691932e-03	2.335847e+00	3.904032e-01	3.872470e-04	-3.872470e-04	-3.872470e-04
5.581019466691931e-03	2.553369e+00	3.445750e-01	4.397454e-04	-4.397454e-04	-4.397454e-04
5.591019466691931e-03	2.730622e+00	2.933126e-01	4.853087e-04	-4.853087e-04	-4.853087e-04
5.601019466691930e-03	2.864812e+00	2.374245e-01	5.232184e-04	-5.232184e-04	-5.232184e-04
5.611019466691930e-03	2.953821e+00	1.777921e-01	5.528767e-04	-5.528767e-04	-5.528767e-04
5.621019466691930e-03	2.996248e+00	1.153559e-01	5.738157e-04	-5.738157e-04	-5.738157e-04
5.631019466691243e-03	2.991421e+00	5.110034e-02	5.857054e-04	-5.857054e-04	-5.857054e-04
5.641019466691243e-03	2.939419e+00	-1.396106e-02	5.883581e-04	-5.883581e-04	-5.883581e-04
5.651019466691242e-03	2.841059e+00	-7.880229e-02	5.817321e-04	-5.817321e-04	-5.817321e-04
5.661019466691242e-03	2.697895e+00	-1.424008e-01	5.659318e-04	-5.659318e-04	-5.659318e-04
5.671019466691241e-03	2.512183e+00	-2.037535e-01	5.412064e-04	-5.412064e-04	-5.412064e-04
5.681019466691241e-03	2.286853e+00	-2.618929e-01	5.079458e-04	-5.079458e-04	-5.079458e-04
5.691019466691241e-03	2.025457e+00	-3.159021e-01	4.666747e-04	-4.666747e-04	-4.666747e-04
5.701019466691240e-03	1.732119e+00	-3.649293e-01	4.180438e-04	-4.180438e-04	-4.180438e-04
5.711019466691240e-03	1.411464e+00	-4.082014e-01	3.628202e-04	-3.628202e-04	-3.628202e-04
5.721019466691239e-03	1.068550e+00	-4.450359e-01	3.018746e-04	-3.018746e-04	-3.018746e-04
5.731019466691239e-03	7.087839e-01	-4.748519e-01	2.361683e-04	-2.361683e-04	-2.361683e-04
5.741019466691239e-03	3.378400e-01	-4.971792e-01	1.667374e-04	-1.667374e-04	-1.667374e-04
5.751019466691238e-03	-3.843194e-02	-5.116658e-01	9.467707e-05	-9.467707e-05	-9.467707e-05
5.761019466691238e-03	-4.140977e-01	-5.180830e-01	2.112358e-05	-2.112358e-05	-2.112358e-05
5.771019466691237e-03	-7.832330e-01	-5.163298e-01	-5.276304e-05	5.276304e-05	5.276304e-05
5.781019466691237e-03	-1.140016e+00	-5.064337e-01	-1.258176e-04	1.258176e-04	1.258176e-04
5.791019466691237e-03	-1.478821e+00	-4.885508e-01	-1.968878e-04	1.968878e-04	1.968878e-04
5.801019466691236e-03	-1.794303e+00	-4.629633e-01	-2.648531e-04	2.648531e-04	2.648531e-04
5.811019466691236e-03	-2.081488e+00	-4.300745e-01	-3.286415e-04	3.286415e-04	3.286415e-04
5.821019466691235e-03	-2.335847e+00	-3.904032e-01	-3.872470e-04	3.872470e-04	3.872470e-04
5.831019466691235e-03	-2.553369e+00	-3.445750e-01	-4.397454e-04	4.397454e-04	4.397454e-04
5.841019466691235e-03	-2.730622e+00	-2.933126e-01	-4.853087e-04	4.853087e-04	4.853087e-04
5.851019466691234e-03	-2.864812e+00	-2.374245e-01	-5.232184e-04	5.232184e-04	5.232184e-04
5.861019466691234e-03	-2.953821e+00	-1.777921e-01	-5.528767e-04	5.528767e-04	5.528767e-04
5.871019466691233e-03	-2.996248e+00	-1.153559e-01	-5.738157e-04	5.738157e-04	5.738157e-04
5.881019466690984e-03	-2.991421e+00	-5.110034e-02	-5.857054e-04	5.857054e-04	5.857054e-04
5.891019466690984e-03	-2.939419e+00	1.396106e-02	-5.883581e-04	5.883581e-04	5.883581e-04
5.901019466690983e-03	-2.841059e+00	7.880229e-02	-5.817321e-04	5.817321e-04	5.817321e-04
5.911019466690983e-03	-2.697895e+00	1.424008e-01	-5.659318e-04	5.659318e-04	5.659318e-04
5.921019466690982e-03	-2.512183e+00	2.037535e-01	-5.412064e-04	5.412064e-04	5.412064e-04
5.931019466690982e-03	-2.286853e+00	2.618929e-01	-5.079458e-04	5.079458e-04	5.079458e-04
5.941019466690982e-03	-2.025457e+00	3.159021e-01	-4.666747e-04	4.666747e-04	4.666747e-04
5.951019466690981e-03	-1.732119e+00	3.649293e-01	-4.180438e-04	4.180438e-04	4.180438e-04
5.961019466690981e-03	-1.411464e+00	4.082014e-01	-3.628202e-04	3.628202e-04	3.628202e-04
5.971019466690980e-03	-1.068550e+00	4.450359e-01	-3.018746e-04	3.018746e-04	3.018746e-04
5.981019466690980e-03	-7.087839e-01	4.748519e-01	-2.361683e-04	2.361683e-04	2.361683e-04
5.991019466690979e-03	-3.378400e-01	4.971792e-01	-1.667374e-04	1.667374e-04	1.667374e-04
6.001019466690979e-03	3.843194e-02	5.116658e-01	-9.467707e-05	9.467707e-05	9.467707e-05
6.011019466690979e-03	4.140977e-01	5.180830e-01	-2.112358e-05	2.112358e-05	2.112358e-05
6.021019466690978e-03	7.832330e-01	5.163297e-01	5.276304e-05	-5.276304e-05	-5.276304e-05
6.031019466690978e-03	1.140016e+00	5.064337e-01	1.258176e-04	-1.258176e-04	-1.258176e-04
6.041019466690977e-03	1.478821e+00	4.885508e-01	1.968878e-04	-1.968878e-04	-1.968878e-04
6.051019466690977e-03	1.794303e+00	4.629633e-01	2.648531e-04	-2.648531e-04	-2.648531e-04
6.061019466690977e-03	2.081488e+00	4.300745e-01	3.286415e-04	-3.286415e-04	-3.286415e-04
6.071019466690976e-03	2.335847e+00	3.904032e-01	3.872470e-04	-3.872470e-04	-3.872470e-04
6.081019466690976e-03	2.553369e+00	3.445750e-01	4.397454e-04	-4.397454e-04	-4.397454e-04
6.091019466690975e-03	2.730622e+00	2.933126e-01	4.853087e-04	-4.853087e-04	-4.853087e-04
6.101019466690975e-03	2.864812e+00	2.374245e-01	5.232184e-04	-5.232184e-04	-5.232184e-04
6.111019466690975e-03	2.953821e+00	1.777921e-01	5.528767e-04	-5.528767e-04	-5.528767e-04
6.121019466690974e-03	2.996248e+00	1.153559e-01	5.738157e-04	-5.738157e-04	-5.738157e-04
6.131019466690887e-03	2.991421e+00	5.110034e-02	5.857054e-04	-5.857054e-04	-5.857054e-04
6.141019466690887e-03	2.939419e+00	-1.396106e-02	5.883581e-04	-5.883581e-04	-5.883581e-04
6.151019466690886e-03	2.841059e+00	-7.880229e-02	5.817321e-04	-5.817321e-04	-5.817321e-04
6.161019466690886e-03	2.697895e+00	-1.424008e-01	5.659318e-04	-5.659318e-04	-5.659318e-04
6.171019466690885e-03	2.512183e+00	-2.037535e-01	5.412064e-04	-5.412064e-04	-5.412064e-04
6.181019466690885e-03	2.286853e+00	-2.618929e-01	5.079458e-04	-5.079458e-04	-5.079458e-04
6.191019466690885e-03	2.025457e+00	-3.159021e-01	4.666747e-04	-4.666747e-04	-4.666747e-04
6.201019466690884e-03	1.732119e+00	-3.649293e-01	4.180438e-04	-4.180438e-04	-4.180438e-04
6.211019466690884e-03	1.411464e+00	-4.082014e-01	3.628202e-04	-3.628202e-04	-3.628202e-04
6.221019466690883e-03	1.068550e+00	-4.450359e-01	3.018746e-04	-3.018746e-04	-3.018746e-04
6.231019466690883e-03	7.087839e-01	-4.748519e-01	2.361683e-04	-2.361683e-04	-2.361683e-04
6.241019466690883e-03	3.378400e-01	-4.971792e-01	1.667374e-04	-1.667374e-04	-1.667374e-04
6.251019466690882e-03	-3.843194e-02	-5.116658e-01	9.467707e-05	-9.467707e-05	-9.467707e-05
6.261019466690882e-03	-4.140977e-01	-5.180830e-01	2.112358e-05	-2.112358e-05	-2.112358e-05
6.271019466690881e-03	-7.832330e-01	-5.163298e-01	-5.276304e-05	5.276304e-05	5.276304e-05
6.281019466690881e-03	-1.140016e+00	-5.064337e-01	-1.258176e-04	1.258176e-04	1.258176e-04
6.291019466690881e-03	-1.478821e+00	-4.885508e-01	-1.968878e-04	1.968878e-04	1.968878e-04
6.301019466690880e-03	-1.794303e+00	-4.629633e-01	-2.648531e-04	2.648531e-04	2.648531e-04
6.311019466690880e-03	-2.081488e+00	-4.300745e-01	-3.286415e-04	3.286415e-04	3.286415e-04
6.321019466690879e-03	-2.335847e+00	-3.904032e-01	-3.872470e-04	3.872470e-04	3.872470e-04
6.331019466690879e-03	-2.553369e+00	-3.445750e-01	-4.397454e-04	4.397454e-04	4.397454e-04
6.341019466690878e-03	-2.730622e+00	-2.933126e-01	-4.853087e-04	4.853087e-04	4.853087e-04
6.351019466690878e-03	-2.864812e+00	-2.374245e-01	-5.232184e-04	5.232184e-04	5.232184e-04
6.361019466690878e-03	-2.953821e+00	-1.777921e-01	-5.528767e-04	5.528767e-04	5.528767e-04
6.371019466690877e-03	-2.996248e+00	-1.153559e-01	-5.738157e-04	5.738157e-04	5.738157e-04
6.381019466690851e-03	-2.991421e+00	-5.110034e-02	-5.857054e-04	5.857054e-04	5.857054e-04
6.391019466690850e-03	-2.939419e+00	1.396106e-02	-5.883581e-04	5.883581e-04	5.883581e-04
6.401019466690850e-03	-2.841059e+00	7.880229e-02	-5.817321e-04	5.817321e-04	5.817321e-04
6.411019466690850e-03	-2.697895e+00	1.424008e-01	-5.659318e-04	5.659318e-04	5.659318e-04
6.421019466690849e-03	-2.512183e+00	2.037535e-01	-5.412064e-04	5.412064e-04	5.412064e-04
6.431019466690849e-03	-2.286853e+00	2.618929e-01	-5.079458e-04	5.079458e-04	5.079458e-04
6.441019466690848e-03	-2.025457e+00	3.159021e-01	-4.666747e-04	4.666747e-04	4.666747e-04
6.451019466690848e-03	-1.732119e+00	3.649293e-01	-4.180438e-04	4.180438e-04	4.180438e-04
6.461019466690848e-03	-1.411464e+00	4.082014e-01	-3.628202e-04	3.628202e-04	3.628202e-04
6.471019466690847e-03	-1.068550e+00	4.450359e-01	-3.018746e-04	3.018746e-04	3.018746e-04
6.481019466690847e-03	-7.087839e-01	4.748519e-01	-2.361683e-04	2.361683e-04	2.361683e-04
6.491019466690846e-03	-3.378400e-01	4.971792e-01	-1.667374e-04	1.667374e-04	1.667374e-04
6.501019466690846e-03	3.843194e-02	5.116658e-01	-9.467707e-05	9.467707e-05	9.467707e-05
6.511019466690846e-03	4.140977e-01	5.180830e-01	-2.112358e-05	2.112358e-05	2.112358e-05
6.521019466690845e-03	7.832330e-01	5.163297e-01	5.276304e-05	-5.276304e-05	-5.276304e-05
6.531019466690845e-03	1.140016e+00	5.064337e-01	1.258176e-04	-1.258176e-04	-1.258176e-04
6.541019466690844e-03	1.478821e+00	4.885508e-01	1.968878e-04	-1.968878e-04	-1.968878e-04
6.551019466690844e-03	1.794303e+00	4.629633e-01	2.648531e-04	-2.648531e-04	-2.648531e-04
6.561019466690843e-03	2.081488e+00	4.300745e-01	3.286415e-04	-3.286415e-04	-3.286415e-04
6.571019466690843e-03	2.335847e+00	3.904032e-01	3.872470e-04	-3.872470e-04	-3.872470e-04
6.581019466690843e-03	2.553369e+00	3.445750e-01	4.397454e-04	-4.397454e-04	-4.397454e-04
6.591019466690842e-03	2.730622e+00	2.933126e-01	4.853087e-04	-4.853087e-04	-4.853087e-04
6.601019466690842e-03	2.864812e+00	2.374245e-01	5.232184e-04	-5.232184e-04	-5.232184e-04
6.611019466690841e-03	2.953821e+00	1.777921e-01	5.528767e-04	-5.528767e-04	-5.528767e-04
6.621019466690841e-03	2.996248e+00	1.153559e-01	5.738157e-04	-5.738157e-04	-5.738157e-04
6.631019466690837e-03	2.991421e+00	5.110034e-02	5.857054e-04	-5.857054e-04	-5.857054e-04
6.641019466690837e-03	2.939419e+00	-1.396106e-02	5.883581e-04	-5.883581e-04	-5.883581e-04
6.651019466690836e-03	2.841059e+00	-7.880229e-02	5.817321e-04	-5.817321e-04	-5.817321e-04
6.661019466690836e-03	2.697895e+00	-1.424008e-01	5.659318e-04	-5.659318e-04	-5.659318e-04
6.671019466690836e-03	2.512183e+00	-2.037535e-01	5.412064e-04	-5.412064e-04	-5.412064e-04
6.681019466690835e-03	2.286853e+00	-2.618929e-01	5.079458e-04	-5.079458e-04	-5.079458e-04
6.691019466690835e-03	2.025457e+00	-3.159021e-01	4.666747e-04	-4.666747e-04	-4.666747e-04
6.701019466690834e-03	1.732119e+00	-3.649293e-01	4.180438e-04	-4.180438e-04	-4.180438e-04
6.711019466690834e-03	1.411464e+00	-4.082014e-01	3.628202e-04	-3.628202e-04	-3.628202e-04
6.721019466690833e-03	1.068550e+00	-4.450359e-01	3.018746e-04	-3.018746e-04	-3.018746e-04
6.731019466690833e-03	7.087839e-01	-4.748519e-01	2.361683e-04	-2.361683e-04	-2.361683e-04
6.741019466690833e-03	3.378400e-01	-4.971792e-01	1.667374e-04	-1.667374e-04	-1.667374e-04
6.751019466690832e-03	-3.843194e-02	-5.116658e-01	9.467707e-05	-9.467707e-05	-9.467707e-05
6.761019466690832e-03	-4.140977e-01	-5.180830e-01	2.112358e-05	-2.112358e-05	-2.112358e-05
6.771019466690831e-03	-7.832330e-01	-5.163298e-01	-5.276304e-05	5.276304e-05	5.276304e-05
6.781019466690831e-03	-1.140016e+00	-5.064337e-01	-1.258176e-04	1.258176e-04	1.258176e-04
6.791019466690831e-03	-1.478821e+00	-4.885508e-01	-1.968878e-04	1.968878e-04	1.968878e-04
6.801019466690830e-03	-1.794303e+00	-4.629633e-01	-2.648531e-04	2.648531e-04	2.648531e-04
6.811019466690830e-03	-2.081488e+00	-4.300745e-01	-3.286415e-04	3.286415e-04	3.286415e-04
6.821019466690829e-03	-2.335847e+00	-3.904032e-01	-3.872470e-04	3.872470e-04	3.872470e-04
6.831019466690829e-03	-2.553369e+00	-3.445750e-01	-4.397454e-04	4.397454e-04	4.397454e-04
6.841019466690829e-03	-2.730622e+00	-2.933126e-01	-4.853087e-04	4.853087e-04	4.853087e-04
6.851019466690828e-03	-2.864812e+00	-2.374245e-01	-5.232184e-04	5.232184e-04	5.232184e-04
6.861019466690828e-03	-2.953821e+00	-1.777921e-01	-5.528767e-04	5.528767e-04	5.528767e-04
6.871019466690827e-03	-2.996248e+00	-1.153559e-01	-5.738157e-04	5.738157e-04	5.738157e-04
6.881019466690827e-03	-2.991421e+00	-5.110034e-02	-5.857054e-04	5.857054e-04	5.857054e-04
6.891019466690827e-03	-2.939419e+00	1.396106e-02	-5.883581e-04	5.883581e-04	5.883581e-04
6.901019466690826e-03	-2.841059e+00	7.880229e-02	-5.817321e-04	5.817321e-04	5.817321e-04
6.911019466690826e-03	-2.697895e+00	1.424008e-01	-5.659318e-04	5.659318e-04	5.659318e-04
6.921019466690825e-03	-2.512183e+00	2.037535e-01	-5.412064e-04	5.412064e-04	5.412064e-04
6.931019466690825e-03	-2.286853e+00	2.618929e-01	-5.079458e-04	5.079458e-04	5.079458e-04
6.941019466690825e-03	-2.025457e+00	3.159021e-01	-4.666747e-04	4.666747e-04	4.666747e-04
6.951019466690824e-03	-1.732119e+00	3.649293e-01	-4.180438e-04	4.180438e-04	4.180438e-04
6.961019466690824e-03	-1.411464e+00	4.082014e-01	-3.628202e-04	3.628202e-04	3.628202e-04
6.971019466690823e-03	-1.068550e+00	4.450359e-01	-3.018746e-04	3.018746e-04	3.018746e-04
6.981019466690823e-03	-7.087839e-01	4.748519e-01	-2.361683e-04	2.361683e-04	2.361683e-04
6.991019466690822e-03	-3.378400e-01	4.971792e-01	-1.667374e-04	1.667374e-04	1.667374e-04
7.001019466690822e-03	3.843194e-02	5.116658e-01	-9.467707e-05	9.467707e-05	9.467707e-05
7.011019466690822e-03	4.140977e-01	5.180830e-01	-2.112358e-05	2.112358e-05	2.112358e-05
7.021019466690821e-03	7.832330e-01	5.163298e-01	5.276304e-05	-5.276304e-05	-5.276304e-05
7.031019466690821e-03	1.140016e+00	5.064337e-01	1.258176e-04	-1.258176e-04	-1.258176e-04
7.041019466690820e-03	1.478821e+00	4.885508e-01	1.968878e-04	-1.968878e-04	-1.968878e-04
7.051019466690820e-03	1.794303e+00	4.629633e-01	2.648531e-04	-2.648531e-04	-2.648531e-04
7.061019466690820e-03	2.081488e+00	4.300745e-01	3.286415e-04	-3.286415e-04	-3.286415e-04
7.071019466690819e-03	2.335847e+00	3.904032e-01	3.872470e-04	-3.872470e-04	-3.872470e-04
7.081019466690819e-03	2.553369e+00	3.445750e-01	4.397454e-04	-4.397454e-04	-4.397454e-04
7.091019466690818e-03	2.730622e+00	2.933126e-01	4.853087e-04	-4.853087e-04	-4.853087e-04
7.101019466690818e-03	2.864812e+00	2.374245e-01	5.232184e-04	-5.232184e-04	-5.232184e-04
7.111019466690818e-03	2.953821e+00	1.777921e-01	5.528767e-04	-5.528767e-04	-5.528767e-04
7.121019466690817e-03	2.996248e+00	1.153559e-01	5.738157e-04	-5.738157e-04	-5.738157e-04
7.131019466690817e-03	2.991421e+00	5.110034e-02	5.857054e-04	-5.857054e-04	-5.857054e-04
7.141019466690816e-03	2.939419e+00	-1.396106e-02	5.883581e-04	-5.883581e-04	-5.883581e-04
7.151019466690816e-03	2.841059e+00	-7.880229e-02	5.817321e-04	-5.817321e-04	-5.817321e-04
7.161019466690816e-03	2.697895e+00	-1.424008e-01	5.659318e-04	-5.659318e-04	-5.659318e-04
7.171019466690815e-03	2.512183e+00	-2.037535e-01	5.412064e-04	-5.412064e-04	-5.412064e-04
7.181019466690815e-03	2.286853e+00	-2.618929e-01	5.079458e-04	-5.079458e-04	-5.079458e-04
7.191019466690814e-03	2.025457e+00	-3.159021e-01	4.666747e-04	-4.666747e-04	-4.666747e-04
7.201019466690814e-03	1.732119e+00	-3.649293e-01	4.180438e-04	-4.180438e-04	-4.180438e-04
7.211019466690814e-03	1.411464e+00	-4.082014e-01	3.628202e-04	-3.628202e-04	-3.628202e-04
7.221019466690813e-03	1.068550e+00	-4.450359e-01	3.018746e-04	-3.018746e-04	-3.018746e-04
7.231019466690813e-03	7.087839e-01	-4.748519e-01	2.361683e-04	-2.361683e-04	-2.361683e-04
7.241019466690812e-03	3.378400e-01	-4.971792e-01	1.667374e-04	-1.667374e-04	-1.667374e-04
7.251019466690812e-03	-3.843194e-02	-5.116658e-01	9.467707e-05	-9.467707e-05	-9.467707e-05
7.261019466690811e-03	-4.140977e-01	-5.180830e-01	2.112358e-05	-2.112358e-05	-2.112358e-05
7.271019466690811e-03	-7.832330e-01	-5.163298e-01	-5.276304e-05	5.276304e-05	5.276304e-05
7.281019466690811e-03	-1.140016e+00	-5.064337e-01	-1.258176e-04	1.258176e-04	1.258176e-04
7.291019466690810e-03	-1.478821e+00	-4.885508e-01	-1.968878e-04	1.968878e-04	1.968878e-04
7.301019466690810e-03	-1.794303e+00	-4.629633e-01	-2.648531e-04	2.648531e-04	2.648531e-04
7.311019466690809e-03	-2.081488e+00	-4.300745e-01	-3.286415e-04	3.286415e-04	3.286415e-04
7.321019466690809e-03	-2.335847e+00	-3.904032e-01	-3.872470e-04	3.872470e-04	3.872470e-04
7.331019466690809e-03	-2.553369e+00	-3.445750e-01	-4.397454e-04	4.397454e-04	4.397454e-04
7.341019466690808e-03	-2.730622e+00	-2.933126e-01	-4.853087e-04	4.853087e-04	4.853087e-04
7.351019466690808e-03	-2.864812e+00	-2.374245e-01	-5.232184e-04	5.232184e-04	5.232184e-04
7.361019466690807e-03	-2.953821e+00	-1.777921e-01	-5.528767e-04	5.528767e-04	5.528767e-04
7.371019466690807e-03	-2.996248e+00	-1.153559e-01	-5.738157e-04	5.738157e-04	5.738157e-04
7.381019466690807e-03	-2.991421e+00	-5.110034e-02	-5.857054e-04	5.857054e-04	5.857054e-04
7.391019466690806e-03	-2.939419e+00	1.396106e-02	-5.883581e-04	5.883581e-04	5.883581e-04
7.401019466690806e-03	-2.841059e+00	7.880229e-02	-5.817321e-04	5.817321e-04	5.817321e-04
7.411019466690805e-03	-2.697895e+00	1.424008e-01	-5.659318e-04	5.659318e-04	5.659318e-04
7.421019466690805e-03	-2.512183e+00	2.037535e-01	-5.412064e-04	5.412064e-04	5.412064e-04
7.431019466690805e-03	-2.286853e+00	2.618929e-01	-5.079458e-04	5.079458e-04	5.079458e-04
7.441019466690804e-03	-2.025457e+00	3.159021e-01	-4.666747e-04	4.666747e-04	4.666747e-04
7.451019466690804e-03	-1.732119e+00	3.649293e-01	-4.180438e-04	4.180438e-04	4.180438e-04
7.461019466690803e-03	-1.411464e+00	4.082014e-01	-3.628202e-04	3.628202e-04	3.628202e-04
7.471019466690803e-03	-1.068550e+00	4.450359e-01	-3.018746e-04	3.018746e-04	3.018746e-04
7.481019466690803e-03	-7.087839e-01	4.748519e-01	-2.361683e-04	2.361683e-04	2.361683e-04
7.491019466690802e-03	-3.378400e-01	4.971792e-01	-1.667374e-04	1.667374e-04	1.667374e-04
7.501019466690802e-03	3.843194e-02	5.116658e-01	-9.467707e-05	9.467707e-05	9.467707e-05
7.511019466690801e-03	4.140977e-01	5.180830e-01	-2.112358e-05	2.112358e-05	2.112358e-05
7.521019466690801e-03	7.832330e-01	5.163298e-01	5.276304e-05	-5.276304e-05	-5.276304e-05
7.531019466690800e-03	1.140016e+00	5.064337e-01	1.258176e-04	-1.258176e-04	-1.258176e-04
7.541019466690800e-03	1.478821e+00	4.885508e-01	1.968878e-04	-1.968878e-04	-1.968878e-04
7.551019466690800e-03	1.794303e+00	4.629633e-01	2.648531e-04	-2.648531e-04	-2.648531e-04
7.561019466690799e-03	2.081488e+00	4.300745e-01	3.286415e-04	-3.286415e-04	-3.286415e-04
7.571019466690799e-03	2.335847e+00	3.904032e-01	3.872470e-04	-3.872470e-04	-3.872470e-04
7.581019466690798e-03	2.553369e+00	3.445750e-01	4.397454e-04	-4.397454e-04	-4.397454e-04
7.591019466690798e-03	2.730622e+00	2.933126e-01	4.853087e-04	-4.853087e-04	-4.853087e-04
7.601019466690798e-03	2.864812e+00	2.374245e-01	5.232184e-04	-5.232184e-04	-5.232184e-04
7.611019466690797e-03	2.953821e+00	1.777921e-01	5.528767e-04	-5.528767e-04	-5.528767e-04
7.621019466690797e-03	2.996248e+00	1.153559e-01	5.738157e-04	-5.738157e-04	-5.738157e-04
7.631019466690796e-03	2.991421e+00	5.110034e-02	5.857054e-04	-5.857054e-04	-5.857054e-04
7.641019466690796e-03	2.939419e+00	-1.396106e-02	5.883581e-04	-5.883581e-04	-5.883581e-04
7.651019466690796e-03	2.841059e+00	-7.880229e-02	5.817321e-04	-5.817321e-04	-5.817321e-04
7.661019466690795e-03	2.697895e+00	-1.424008e-01	5.659318e-04	-5.659318e-04	-5.659318e-04
7.671019466690795e-03	2.512183e+00	-2.037535e-01	5.412064e-04	-5.412064e-04	-5.412064e-04
7.681019466690794e-03	2.286853e+00	-2.618929e-01	5.079458e-04	-5.079458e-04	-5.079458e-04
7.691019466690794e-03	2.025457e+00	-3.159021e-01	4.666747e-04	-4.666747e-04	-4.666747e-04
7.701019466690794e-03	1.732119e+00	-3.649293e-01	4.180438e-04	-4.180438e-04	-4.180438e-04
7.711019466690793e-03	1.411464e+00	-4.082014e-01	3.628202e-04	-3.628202e-04	-3.628202e-04
7.721019466690793e-03	1.068550e+00	-4.450359e-01	3.018746e-04	-3.018746e-04	-3.018746e-04
7.731019466690792e-03	7.087839e-01	-4.748519e-01	2.361683e-04	-2.361683e-04	-2.361683e-04
7.741019466690792e-03	3.378400e-01	-4.971792e-01	1.667374e-04	-1.667374e-04	-1.667374e-04
7.751019466690792e-03	-3.843194e-02	-5.116658e-01	9.467707e-05	-9.467707e-05	-9.467707e-05
7.761019466690791e-03	-4.140977e-01	-5.180830e-01	2.112358e-05	-2.112358e-05	-2.112358e-05
7.771019466690791e-03	-7.832330e-01	-5.163298e-01	-5.276304e-05	5.276304e-05	5.276304e-05
7.781019466690790e-03	-1.140016e+00	-5.064337e-01	-1.258176e-04	1.258176e-04	1.258176e-04
7.791019466690790e-03	-1.478821e+00	-4.885508e-01	-1.968878e-04	1.968878e-04	1.968878e-04
7.801019466690789e-03	-1.794303e+00	-4.629633e-01	-2.648531e-04	2.648531e-04	2.648531e-04
7.811019466690789e-03	-2.081488e+00	-4.300745e-01	-3.286415e-04	3.286415e-04	3.286415e-04
7.821019466690789e-03	-2.335847e+00	-3.904032e-01	-3.872470e-04	3.872470e-04	3.872470e-04
7.831019466690788e-03	-2.553369e+00	-3.445750e-01	-4.397454e-04	4.397454e-04	4.397454e-04
7.841019466690788e-03	-2.730622e+00	-2.933126e-01	-4.853087e-04	4.853087e-04	4.853087e-04
7.851019466690787e-03	-2.864812e+00	-2.374245e-01	-5.232184e-04	5.232184e-04	5.232184e-04
7.861019466690787e-03	-2.953821e+00	-1.777921e-01	-5.528767e-04	5.528767e-04	5.528767e-04
7.871019466690787e-03	-2.996248e+00	-1.153559e-01	-5.738157e-04	5.738157e-04	5.738157e-04
7.881019466690786e-03	-2.991421e+00	-5.110034e-02	-5.857054e-04	5.857054e-04	5.857054e-04
7.891019466690786e-03	-2.939419e+00	1.396106e-02	-5.883581e-04	5.883581e-04	5.883581e-04
7.901019466690785e-03	-2.841059e+00	7.880229e-02	-5.817321e-04	5.817321e-04	5.817321e-04
7.911019466690785e-03	-2.697895e+00	1.424008e-01	-5.659318e-04	5.659318e-04	5.659318e-04
7.921019466690785e-03	-2.512183e+00	2.037535e-01	-5.412064e-04	5.412064e-04	5.412064e-04
7.931019466690784e-03	-2.286853e+00	2.618929e-01	-5.079458e-04	5.079458e-04	5.079458e-04
7.941019466690784e-03	-2.025457e+00	3.159021e-01	-4.666747e-04	4.666747e-04	4.666747e-04
7.951019466690783e-03	-1.732119e+00	3.649293e-01	-4.180438e-04	4.180438e-04	4.180438e-04
7.961019466690783e-03	-1.411464e+00	4.082014e-01	-3.628202e-04	3.628202e-04	3.628202e-04
7.971019466690783e-03	-1.068550e+00	4.450359e-01	-3.018746e-04	3.018746e-04	3.018746e-04
7.981019466690782e-03	-7.087839e-01	4.748519e-01	-2.361683e-04	2.361683e-04	2.361683e-04
7.991019466690782e-03	-3.378400e-01	4.971792e-01	-1.667374e-04	1.667374e-04	1.667374e-04
8.001019466690781e-03	3.843194e-02	5.116658e-01	-9.467707e-05	9.467707e-05	9.467707e-05
8.011019466690781e-03	4.140977e-01	5.180830e-01	-2.112358e-05	2.112358e-05	2.112358e-05
8.021019466690781e-03	7.832330e-01	5.163298e-01	5.276304e-05	-5.276304e-05	-5.276304e-05
8.031019466690780e-03	1.140016e+00	5.064337e-01	1.258176e-04	-1.258176e-04	-1.258176e-04
8.041019466690780e-03	1.478821e+00	4.885508e-01	1.968878e-04	-1.968878e-04	-1.968878e-04
8.051019466690779e-03	1.794303e+00	4.629633e-01	2.648531e-04	-2.648531e-04	-2.648531e-04
8.061019466690779e-03	2.081488e+00	4.300745e-01	3.286415e-04	-3.286415e-04	-3.286415e-04
8.071019466690778e-03	2.335847e+00	3.904032e-01	3.872470e-04	-3.872470e-04	-3.872470e-04
8.081019466690778e-03	2.553369e+00	3.445750e-01	4.397454e-04	-4.397454e-04	-4.397454e-04
8.091019466690778e-03	2.730622e+00	2.933126e-01	4.853087e-04	-4.853087e-04	-4.853087e-04
8.101019466690777e-03	2.864812e+00	2.374245e-01	5.232184e-04	-5.232184e-04	-5.232184e-04
8.111019466690777e-03	2.953821e+00	1.777921e-01	5.528767e-04	-5.528767e-04	-5.528767e-04
8.121019466690776e-03	2.996248e+00	1.153559e-01	5.738157e-04	-5.738157e-04	-5.738157e-04
8.131019466690776e-03	2.991421e+00	5.110034e-02	5.857054e-04	-5.857054e-04	-5.857054e-04
8.141019466690776e-03	2.939419e+00	-1.396106e-02	5.883581e-04	-5.883581e-04	-5.883581e-04
8.151019466690775e-03	2.841059e+00	-7.880229e-02	5.817321e-04	-5.817321e-04	-5.817321e-04
8.161019466690775e-03	2.697895e+00	-1.424008e-01	5.659318e-04	-5.659318e-04	-5.659318e-04
8.171019466690774e-03	2.512183e+00	-2.037535e-01	5.412064e-04	-5.412064e-04	-5.412064e-04
8.181019466690774e-03	2.286853e+00	-2.618929e-01	5.079458e-04	-5.079458e-04	-5.079458e-04
8.191019466690774e-03	2.025457e+00	-3.159021e-01	4.666747e-04	-4.666747e-04	-4.666747e-04
8.201019466690773e-03	1.732119e+00	-3.649293e-01	4.180438e-04	-4.180438e-04	-4.180438e-04
8.211019466690773e-03	1.411464e+00	-4.082014e-01	3.628202e-04	-3.628202e-04	-3.628202e-04
8.221019466690772e-03	1.068550e+00	-4.450359e-01	3.018746e-04	-3.018746e-04	-3.018746e-04
8.231019466690772e-03	7.087839e-01	-4.748519e-01	2.361683e-04	-2.361683e-04	-2.361683e-04
8.241019466690772e-03	3.378400e-01	-4.971792e-01	1.667374e-04	-1.667374e-04	-1.667374e-04
8.251019466690771e-03	-3.843194e-02	-5.116658e-01	9.467707e-05	-9.467707e-05	-9.467707e-05
8.261019466690771e-03	-4.140977e-01	-5.180830e-01	2.112358e-05	-2.112358e-05	-2.112358e-05
8.271019466690770e-03	-7.832330e-01	-5.163298e-01	-5.276304e-05	5.276304e-05	5.276304e-05
8.281019466690770e-03	-1.140016e+00	-5.064337e-01	-1.258176e-04	1.258176e-04	1.258176e-04
8.291019466690770e-03	-1.478821e+00	-4.885508e-01	-1.968878e-04	1.968878e-04	1.968878e-04
8.301019466690769e-03	-1.794303e+00	-4.629633e-01	-2.648531e-04	2.648531e-04	2.648531e-04
8.311019466690769e-03	-2.081488e+00	-4.300745e-01	-3.286415e-04	3.286415e-04	3.286415e-04
8.321019466690768e-03	-2.335847e+00	-3.904032e-01	-3.872470e-04	3.872470e-04	3.872470e-04
8.331019466690768e-03	-2.553369e+00	-3.445750e-01	-4.397454e-04	4.397454e-04	4.397454e-04
8.341019466690767e-03	-2.730622e+00	-2.933126e-01	-4.853087e-04	4.853087e-04	4.853087e-04
8.351019466690767e-03	-2.864812e+00	-2.374245e-01	-5.232184e-04	5.232184e-04	5.232184e-04
8.361019466690767e-03	-2.953821e+00	-1.777921e-01	-5.528767e-04	5.528767e-04	5.528767e-04
8.371019466690766e-03	-2.996248e+00	-1.153559e-01	-5.738157e-04	5.738157e-04	5.738157e-04
8.381019466690766e-03	-2.991421e+00	-5.110034e-02	-5.857054e-04	5.857054e-04	5.857054e-04
8.391019466690765e-03	-2.939419e+00	1.396106e-02	-5.883581e-04	5.883581e-04	5.883581e-04
8.401019466690765e-03	-2.841059e+00	7.880229e-02	-5.817321e-04	5.817321e-04	5.817321e-04
8.411019466690765e-03	-2.697895e+00	1.424008e-01	-5.659318e-04	5.659318e-04	5.659318e-04
8.421019466690764e-03	-2.512183e+00	2.037535e-01	-5.412064e-04	5.412064e-04	5.412064e-04
8.431019466690764e-03	-2.286853e+00	2.618929e-01	-5.079458e-04	5.079458e-04	5.079458e-04
8.441019466690763e-03	-2.025457e+00	3.159021e-01	-4.666747e-04	4.666747e-04	4.666747e-04
8.451019466690763e-03	-1.732119e+00	3.649293e-01	-4.180438e-04	4.180438e-04	4.180438e-04
8.461019466690763e-03	-1.411464e+00	4.082014e-01	-3.628202e-04	3.628202e-04	3.628202e-04
8.471019466690762e-03	-1.068550e+00	4.450359e-01	-3.018746e-04	3.018746e-04	3.018746e-04
8.481019466690762e-03	-7.087839e-01	4.748519e-01	-2.361683e-04	2.361683e-04	2.361683e-04
8.491019466690761e-03	-3.378400e-01	4.971792e-01	-1.667374e-04	1.667374e-04	1.667374e-04
8.501019466690761e-03	3.843194e-02	5.116658e-01	-9.467707e-05	9.467707e-05	9.467707e-05
8.511019466690761e-03	4.140977e-01	5.180830e-01	-2.112358e-05	2.112358e-05	2.112358e-05
8.521019466690760e-03	7.832330e-01	5.163298e-01	5.276304e-05	-5.276304e-05	-5.276304e-05
8.531019466690760e-03	1.140016e+00	5.064337e-01	1.258176e-04	-1.258176e-04	-1.258176e-04
8.541019466690759e-03	1.478821e+00	4.885508e-01	1.968878e-04	-1.968878e-04	-1.968878e-04
8.551019466690759e-03	1.794303e+00	4.629633e-01	2.648531e-04	-2.648531e-04	-2.648531e-04
8.561019466690759e-03	2.081488e+00	4.300745e-01	3.286415e-04	-3.286415e-04	-3.286415e-04
8.571019466690758e-03	2.335847e+00	3.904032e-01	3.872470e-04	-3.872470e-04	-3.872470e-04
8.581019466690758e-03	2.553369e+00	3.445750e-01	4.397454e-04	-4.397454e-04	-4.397454e-04
8.591019466690757e-03	2.730622e+00	2.933126e-01	4.853087e-04	-4.853087e-04	-4.853087e-04
8.601019466690757e-03	2.864812e+00	2.374245e-01	5.232184e-04	-5.232184e-04	-5.232184e-04
8.611019466690756e-03	2.953821e+00	1.777921e-01	5.528767e-04	-5.528767e-04	-5.528767e-04
8.621019466690756e-03	2.996248e+00	1.153559e-01	5.738157e-04	-5.738157e-04	-5.738157e-04
8.631019466690756e-03	2.991421e+00	5.110034e-02	5.857054e-04	-5.857054e-04	-5.857054e-04
8.641019466690755e-03	2.939419e+00	-1.396106e-02	5.883581e-04	-5.883581e-04	-5.883581e-04
8.651019466690755e-03	2.841059e+00	-7.880229e-02	5.817321e-04	-5.817321e-04	-5.817321e-04
8.661019466690754e-03	2.697895e+00	-1.424008e-01	5.659318e-04	-5.659318e-04	-5.659318e-04
8.671019466690754e-03	2.512183e+00	-2.037535e-01	5.412064e-04	-5.412064e-04	-5.412064e-04
8.681019466690754e-03	2.286853e+00	-2.618929e-01	5.079458e-04	-5.079458e-04	-5.079458e-04
8.691019466690753e-03	2.025457e+00	-3.159021e-01	4.666747e-04	-4.666747e-04	-4.666747e-04
8.701019466690753e-03	1.732119e+00	-3.649293e-01	4.180438e-04	-4.180438e-04	-4.180438e-04
8.711019466690752e-03	1.411464e+00	-4.082014e-01	3.628202e-04	-3.628202e-04	-3.628202e-04
8.721019466690752e-03	1.068550e+00	-4.450359e-01	3.018746e-04	-3.018746e-04	-3.018746e-04
8.731019466690752e-03	7.087839e-01	-4.748519e-01	2.361683e-04	-2.361683e-04	-2.361683e-04
8.741019466690751e-03	3.378400e-01	-4.971792e-01	1.667374e-04	-1.667374e-04	-1.667374e-04
8.751019466690751e-03	-3.843194e-02	-5.116658e-01	9.467707e-05	-9.467707e-05	-9.467707e-05
8.761019466690750e-03	-4.140977e-01	-5.180830e-01	2.112358e-05	-2.112358e-05	-2.112358e-05
8.771019466690750e-03	-7.832330e-01	-5.163298e-01	-5.276304e-05	5.276304e-05	5.276304e-05
8.781019466690750e-03	-1.140016e+00	-5.064337e-01	-1.258176e-04	1.258176e-04	1.258176e-04
8.791019466690749e-03	-1.478821e+00	-4.885508e-01	-1.968878e-04	1.968878e-04	1.968878e-04
8.801019466690749e-03	-1.794303e+00	-4.629633e-01	-2.648531e-04	2.648531e-04	2.648531e-04
8.811019466690748e-03	-2.081488e+00	-4.300745e-01	-3.286415e-04	3.286415e-04	3.286415e-04
8.821019466690748e-03	-2.335847e+00	-3.904032e-01	-3.872470e-04	3.872470e-04	3.872470e-04
8.831019466690748e-03	-2.553369e+00	-3.445750e-01	-4.397454e-04	4.397454e-04	4.397454e-04
8.841019466690747e-03	-2.730622e+00	-2.933126e-01	-4.853087e-04	4.853087e-04	4.853087e-04
8.851019466690747e-03	-2.864812e+00	-2.374245e-01	-5.232184e-04	5.232184e-04	5.232184e-04
8.861019466690746e-03	-2.953821e+00	-1.777921e-01	-5.528767e-04	5.528767e-04	5.528767e-04
8.871019466690746e-03	-2.996248e+00	-1.153559e-01	-5.738157e-04	5.738157e-04	5.738157e-04
8.881019466690745e-03	-2.991421e+00	-5.110034e-02	-5.857054e-04	5.857054e-04	5.857054e-04
8.891019466690745e-03	-2.939419e+00	1.396106e-02	-5.883581e-04	5.883581e-04	5.883581e-04
8.901019466690745e-03	-2.841059e+00	7.880229e-02	-5.817321e-04	5.817321e-04	5.817321e-04
8.911019466690744e-03	-2.697895e+00	1.424008e-01	-5.659318e-04	5.659318e-04	5.659318e-04
8.921019466690744e-03	-2.512183e+00	2.037535e-01	-5.412064e-04	5.412064e-04	5.412064e-04
8.931019466690743e-03	-2.286853e+00	2.618929e-01	-5.079458e-04	5.079458e-04	5.079458e-04
8.941019466690743e-03	-2.025457e+00	3.159021e-01	-4.666747e-04	4.666747e-04	4.666747e-04
8.951019466690743e-03	-1.732119e+00	3.649293e-01	-4.180438e-04	4.180438e-04	4.180438e-04
8.961019466690742e-03	-1.411464e+00	4.082014e-01	-3.628202e-04	3.628202e-04	3.628202e-04
8.971019466690742e-03	-1.068550e+00	4.450359e-01	-3.018746e-04	3.018746e-04	3.018746e-04
8.981019466690741e-03	-7.087839e-01	4.748519e-01	-2.361683e-04	2.361683e-04	2.361683e-04
8.991019466690741e-03	-3.378400e-01	4.971792e-01	-1.667374e-04	1.667374e-04	1.667374e-04
9.001019466690741e-03	3.843194e-02	5.116658e-01	-9.467707e-05	9.467707e-05	9.467707e-05
9.011019466690740e-03	4.140977e-01	5.180830e-01	-2.112358e-05	2.112358e-05	2.112358e-05
9.021019466690740e-03	7.832330e-01	5.163298e-01	5.276304e-05	-5.276304e-05	-5.276304e-05
9.031019466690739e-03	1.140016e+00	5.064337e-01	1.258176e-04	-1.258176e-04	-1.258176e-04
9.041019466690739e-03	1.478821e+00	4.885508e-01	1.968878e-04	-1.968878e-04	-1.968878e-04
9.051019466690739e-03	1.794303e+00	4.629633e-01	2.648531e-04	-2.648531e-04	-2.648531e-04
9.061019466690738e-03	2.081488e+00	4.300745e-01	3.286415e-04	-3.286415e-04	-3.286415e-04
9.071019466690738e-03	2.335847e+00	3.904032e-01	3.872470e-04	-3.872470e-04	-3.872470e-04
9.081019466690737e-03	2.553369e+00	3.445750e-01	4.397454e-04	-4.397454e-04	-4.397454e-04
9.091019466690737e-03	2.730622e+00	2.933126e-01	4.853087e-04	-4.853087e-04	-4.853087e-04
9.101019466690737e-03	2.864812e+00	2.374245e-01	5.232184e-04	-5.232184e-04	-5.232184e-04
9.111019466690736e-03	2.953821e+00	1.777921e-01	5.528767e-04	-5.528767e-04	-5.528767e-04
9.121019466690736e-03	2.996248e+00	1.153559e-01	5.738157e-04	-5.738157e-04	-5.738157e-04
9.131019466690735e-03	2.991421e+00	5.110034e-02	5.857054e-04	-5.857054e-04	-5.857054e-04
9.141019466690735e-03	2.939419e+00	-1.396106e-02	5.883581e-04	-5.883581e-04	-5.883581e-04
9.151019466690734e-03	2.841059e+00	-7.880229e-02	5.817321e-04	-5.817321e-04	-5.817321e-04
9.161019466690734e-03	2.697895e+00	-1.424008e-01	5.659318e-04	-5.659318e-04	-5.659318e-04
9.171019466690734e-03	2.512183e+00	-2.037535e-01	5.412064e-04	-5.412064e-04	-5.412064e-04
9.181019466690733e-03	2.286853e+00	-2.618929e-01	5.079458e-04	-5.079458e-04	-5.079458e-04
9.191019466690733e-03	2.025457e+00	-3.159021e-01	4.666747e-04	-4.666747e-04	-4.666747e-04
9.201019466690732e-03	1.732119e+00	-3.649293e-01	4.180438e-04	-4.180438e-04	-4.180438e-04
9.211019466690732e-03	1.411464e+00	-4.082014e-01	3.628202e-04	-3.628202e-04	-3.628202e-04
9.221019466690732e-03	1.068550e+00	-4.450359e-01	3.018746e-04	-3.018746e-04	-3.018746e-04
9.231019466690731e-03	7.087839e-01	-4.748519e-01	2.361683e-04	-2.361683e-04	-2.361683e-04
9.241019466690731e-03	3.378400e-01	-4.971792e-01	1.667374e-04	-1.667374e-04	-1.667374e-04
9.251019466690730e-03	-3.843194e-02	-5.116658e-01	9.467707e-05	-9.467707e-05	-9.467707e-05
9.261019466690730e-03	-4.140977e-01	-5.180830e-01	2.112358e-05	-2.112358e-05	-2.112358e-05
9.271019466690730e-03	-7.832330e-01	-5.163298e-01	-5.276304e-05	5.276304e-05	5.276304e-05
9.281019466690729e-03	-1.140016e+00	-5.064337e-01	-1.258176e-04	1.258176e-04	1.258176e-04
9.291019466690729e-03	-1.478821e+00	-4.885508e-01	-1.968878e-04	1.968878e-04	1.968878e-04
9.301019466690728e-03	-1.794303e+00	-4.629633e-01	-2.648531e-04	2.648531e-04	2.648531e-04
9.311019466690728e-03	-2.081488e+00	-4.300745e-01	-3.286415e-04	3.286415e-04	3.286415e-04
9.321019466690728e-03	-2.335847e+00	-3.904032e-01	-3.872470e-04	3.872470e-04	3.872470e-04
9.331019466690727e-03	-2.553369e+00	-3.445750e-01	-4.397454e-04	4.397454e-04	4.397454e-04
9.341019466690727e-03	-2.730622e+00	-2.933126e-01	-4.853087e-04	4.853087e-04	4.853087e-04
9.351019466690726e-03	-2.864812e+00	-2.374245e-01	-5.232184e-04	5.232184e-04	5.232184e-04
9.361019466690726e-03	-2.953821e+00	-1.777921e-01	-5.528767e-04	5.528767e-04	5.528767e-04
9.371019466690726e-03	-2.996248e+00	-1.153559e-01	-5.738157e-04	5.738157e-04	5.738157e-04
9.381019466690725e-03	-2.991421e+00	-5.110034e-02	-5.857054e-04	5.857054e-04	5.857054e-04
9.391019466690725e-03	-2.939419e+00	1.396106e-02	-5.883581e-04	5.883581e-04	5.883581e-04
9.401019466690724e-03	-2.841059e+00	7.880229e-02	-5.817321e-04	5.817321e-04	5.817321e-04
9.411019466690724e-03	-2.697895e+00	1.424008e-01	-5.659318e-04	5.659318e-04	5.659318e-04
9.421019466690723e-03	-2.512183e+00	2.037535e-01	-5.412064e-04	5.412064e-04	5.412064e-04
9.431019466690723e-03	-2.286853e+00	2.618929e-01	-5.079458e-04	5.079458e-04	5.079458e-04
9.441019466690723e-03	-2.025457e+00	3.159021e-01	-4.666747e-04	4.666747e-04	4.666747e-04
9.451019466690722e-03	-1.732119e+00	3.649293e-01	-4.180438e-04	4.180438e-04	4.180438e-04
9.461019466690722e-03	-1.411464e+00	4.082014e-01	-3.628202e-04	3.628202e-04	3.628202e-04
9.471019466690721e-03	-1.068550e+00	4.450359e-01	-3.018746e-04	3.018746e-04	3.018746e-04
9.481019466690721e-03	-7.087839e-01	4.748519e-01	-2.361683e-04	2.361683e-04	2.361683e-04
9.491019466690721e-03	-3.378400e-01	4.971792e-01	-1.667374e-04	1.667374e-04	1.667374e-04
9.501019466690720e-03	3.843194e-02	5.116658e-01	-9.467707e-05	9.467707e-05	9.467707e-05
9.511019466690720e-03	4.140977e-01	5.180830e-01	-2.112358e-05	2.112358e-05	2.112358e-05
9.521019466690719e-03	7.832330e-01	5.163298e-01	5.276304e-05	-5.276304e-05	-5.276304e-05
9.531019466690719e-03	1.140016e+00	5.064337e-01	1.258176e-04	-1.258176e-04	-1.258176e-04
9.541019466690719e-03	1.478821e+00	4.885508e-01	1.968878e-04	-1.968878e-04	-1.968878e-04
9.551019466690718e-03	1.794303e+00	4.629633e-01	2.648531e-04	-2.648531e-04	-2.648531e-04
9.561019466690718e-03	2.081488e+00	4.300745e-01	3.286415e-04	-3.286415e-04	-3.286415e-04
9.571019466690717e-03	2.335847e+00	3.904032e-01	3.872470e-04	-3.872470e-04	-3.872470e-04
9.581019466690717e-03	2.553369e+00	3.445750e-01	4.397454e-04	-4.397454e-04	-4.397454e-04
9.591019466690717e-03	2.730622e+00	2.933126e-01	4.853087e-04	-4.853087e-04	-4.853087e-04
9.601019466690716e-03	2.864812e+00	2.374245e-01	5.232184e-04	-5.232184e-04	-5.232184e-04
9.611019466690716e-03	2.953821e+00	1.777921e-01	5.528767e-04	-5.528767e-04	-5.528767e-04
9.621019466690715e-03	2.996248e+00	1.153559e-01	5.738157e-04	-5.738157e-04	-5.738157e-04
9.631019466690715e-03	2.991421e+00	5.110034e-02	5.857054e-04	-5.857054e-04	-5.857054e-04
9.641019466690715e-03	2.939419e+00	-1.396106e-02	5.883581e-04	-5.883581e-04	-5.883581e-04
9.651019466690714e-03	2.841059e+00	-7.880229e-02	5.817321e-04	-5.817321e-04	-5.817321e-04
9.661019466690714e-03	2.697895e+00	-1.424008e-01	5.659318e-04	-5.659318e-04	-5.659318e-04
9.671019466690713e-03	2.512183e+00	-2.037535e-01	5.412064e-04	-5.412064e-04	-5.412064e-04
9.681019466690713e-03	2.286853e+00	-2.618929e-01	5.079458e-04	-5.079458e-04	-5.079458e-04
9.691019466690712e-03	2.025457e+00	-3.159021e-01	4.666747e-04	-4.666747e-04	-4.666747e-04
9.701019466690712e-03	1.732119e+00	-3.649293e-01	4.180438e-04	-4.180438e-04	-4.180438e-04
9.711019466690712e-03	1.411464e+00	-4.082014e-01	3.628202e-04	-3.628202e-04	-3.628202e-04
9.721019466690711e-03	1.068550e+00	-4.450359e-01	3.018746e-04	-3.018746e-04	-3.018746e-04
9.731019466690711e-03	7.087839e-01	-4.748519e-01	2.361683e-04	-2.361683e-04	-2.361683e-04
9.741019466690710e-03	3.378400e-01	-4.971792e-01	1.667374e-04	-1.667374e-04	-1.667374e-04
9.751019466690710e-03	-3.843194e-02	-5.116658e-01	9.467707e-05	-9.467707e-05	-9.467707e-05
9.761019466690710e-03	-4.140977e-01	-5.180830e-01	2.112358e-05	-2.112358e-05	-2.112358e-05
9.771019466690709e-03	-7.832330e-01	-5.163298e-01	-5.276304e-05	5.276304e-05	5.276304e-05
9.781019466690709e-03	-1.140016e+00	-5.064337e-01	-1.258176e-04	1.258176e-04	1.258176e-04
9.791019466690708e-03	-1.478821e+00	-4.885508e-01	-1.968878e-04	1.968878e-04	1.968878e-04
9.801019466690708e-03	-1.794303e+00	-4.629633e-01	-2.648531e-04	2.648531e-04	2.648531e-04
9.811019466690708e-03	-2.081488e+00	-4.300745e-01	-3.286415e-04	3.286415e-04	3.286415e-04
9.821019466690707e-03	-2.335847e+00	-3.904032e-01	-3.872470e-04	3.872470e-04	3.872470e-04
9.831019466690707e-03	-2.553369e+00	-3.445750e-01	-4.397454e-04	4.397454e-04	4.397454e-04
9.841019466690706e-03	-2.730622e+00	-2.933126e-01	-4.853087e-04	4.853087e-04	4.853087e-04
9.851019466690706e-03	-2.864812e+00	-2.374245e-01	-5.232184e-04	5.232184e-04	5.232184e-04
9.861019466690706e-03	-2.953821e+00	-1.777921e-01	-5.528767e-04	5.528767e-04	5.528767e-04
9.871019466690705e-03	-2.996248e+00	-1.153559e-01	-5.738157e-04	5.738157e-04	5.738157e-04
9.881019466690705e-03	-2.991421e+00	-5.110034e-02	-5.857054e-04	5.857054e-04	5.857054e-04
9.891019466690704e-03	-2.939419e+00	1.396106e-02	-5.883581e-04	5.883581e-04	5.883581e-04
9.901019466690704e-03	-2.841059e+00	7.880229e-02	-5.817321e-04	5.817321e-04	5.817321e-04
9.911019466690704e-03	-2.697895e+00	1.424008e-01	-5.659318e-04	5.659318e-04	5.659318e-04
9.921019466690703e-03	-2.512183e+00	2.037535e-01	-5.412064e-04	5.412064e-04	5.412064e-04
9.931019466690703e-03	-2.286853e+00	2.618929e-01	-5.079458e-04	5.079458e-04	5.079458e-04
9.941019466690702e-03	-2.025457e+00	3.159021e-01	-4.666747e-04	4.666747e-04	4.666747e-04
9.951019466690702e-03	-1.732119e+00	3.649293e-01	-4.180438e-04	4.180438e-04	4.180438e-04
9.961019466690701e-03	-1.411464e+00	4.082014e-01	-3.628202e-04	3.628202e-04	3.628202e-04
9.971019466690701e-03	-1.068550e+00	4.450359e-01	-3.018746e-04	3.018746e-04	3.018746e-04
9.981019466690701e-03	-7.087839e-01	4.748519e-01	-2.361683e-04	2.361683e-04	2.361683e-04
9.991019466690700e-03	-3.378400e-01	4.973654e-01	-1.667928e-04	1.667928e-04	1.667928e-04
1.000000000000000e-02	-1.469576e-14	5.125137e-01	-1.025027e-04	1.025027e-04	1.025027e-04
