0.000000000000000e+00	0.000000e+00	0.000000e+00	0.000000e+00	0.000000e+00	0.000000e+00	0.000000e+00	0.000000e+00
6.091842462507076e-07	7.655432e-03	7.655975e-03	2.447828e-05	-2.447826e-08	2.447826e-08	-2.447826e-08	-2.447826e-08
1.218368492501415e-06	1.531049e-02	1.531055e-02	9.570527e-05	-9.570526e-08	9.570526e-08	-9.570526e-08	-9.570526e-08
1.827552738752123e-06	2.296518e-02	2.296372e-02	2.136810e-04	-2.136810e-07	2.136810e-07	-2.136810e-07	-2.136810e-07
2.436736985002830e-06	3.061950e-02	3.061548e-02	3.784054e-04	-3.784054e-07	3.784054e-07	-3.784054e-07	-3.784054e-07
3.045921231253538e-06	3.827345e-02	3.826584e-02	5.898786e-04	-5.898786e-07	5.898786e-07	-5.898786e-07	-5.898786e-07
3.655105477504246e-06	4.592703e-02	4.591480e-02	8.481005e-04	-8.481005e-07	8.481005e-07	-8.481005e-07	-8.481005e-07
4.264289723754952e-06	5.358023e-02	5.356235e-02	1.153071e-03	-1.153071e-06	1.153071e-06	-1.153071e-06	-1.153071e-06
5.320670230953040e-06	6.684906e-02	6.681442e-02	1.788406e-03	-1.788406e-06	1.788406e-06	-1.788406e-06	-1.788406e-06
6.648276550595246e-06	8.352041e-02	8.345304e-02	2.779041e-03	-2.779042e-06	2.779042e-06	-2.779042e-06	-2.779042e-06
8.305137387454402e-06	1.043181e-01	1.041873e-01	4.311007e-03	-4.311006e-06	4.311006e-06	-4.311006e-06	-4.311006e-06
1.038839723007596e-05	1.304518e-01	1.301971e-01	6.694098e-03	-6.694098e-06	6.694098e-06	-6.694098e-06	-6.694098e-06
1.299976971014474e-05	1.631783e-01	1.626824e-01	1.038212e-02	-1.038212e-05	1.038212e-05	-1.038212e-05	-1.038212e-05
1.629245661523315e-05	2.043796e-01	2.034113e-01	1.610768e-02	-1.610768e-05	1.610768e-05	-1.610768e-05	-1.610768e-05
2.044476170837426e-05	2.562104e-01	2.543168e-01	2.496507e-02	-2.496507e-05	2.496507e-05	-2.496507e-05	-2.496507e-05
2.571362689396057e-05	3.217230e-01	3.180057e-01	3.868392e-02	-3.868392e-05	3.868392e-05	-3.868392e-05	-3.868392e-05
3.242538819048460e-05	4.046564e-01	3.973301e-01	5.986725e-02	-5.986725e-05	5.986725e-05	-5.986725e-05	-5.986725e-05
4.105476142515987e-05	5.102069e-01	4.956697e-01	9.255183e-02	-9.255184e-05	9.255184e-05	-9.255184e-05	-9.255184e-05
5.227139455594726e-05	6.451163e-01	6.159996e-01	1.427710e-01	-1.427710e-04	1.427710e-04	-1.427710e-04	-1.427710e-04
6.714065742264082e-05	8.189111e-01	7.596545e-01	2.195684e-01	-2.195684e-04	2.195684e-04	-2.195684e-04	-2.195684e-04
8.750497746074843e-05	1.045051e+00	9.208925e-01	3.355922e-01	-3.355922e-04	3.355922e-04	-3.355922e-04	-3.355922e-04
1.174243487524860e-04	1.345322e+00	1.083150e+00	5.093542e-01	-5.093542e-04	5.093542e-04	-5.093542e-04	-5.093542e-04
1.497162271187548e-04	1.615935e+00	1.150538e+00	6.755816e-01	-6.755816e-04	6.755816e-04	-6.755816e-04	-6.755816e-04
1.897927299896241e-04	1.858593e+00	1.095043e+00	8.294062e-01	-8.294062e-04	8.294062e-04	-8.294062e-04	-8.294062e-04
2.151806988137087e-04	1.952328e+00	9.852380e-01	8.855179e-01	-8.855179e-04	8.855179e-04	-8.855179e-04	-8.855179e-04
2.313645532249958e-04	1.986306e+00	8.784642e-01	8.949617e-01	-8.949618e-04	8.949618e-04	-8.949618e-04	-8.949618e-04
2.472557239919738e-04	1.999703e+00	7.504340e-01	8.829645e-01	-8.829645e-04	8.829645e-04	-8.829645e-04	-8.829645e-04
2.639799180204294e-04	1.992289e+00	5.965415e-01	8.484975e-01	-8.484975e-04	8.484975e-04	-8.484975e-04	-8.484975e-04
2.877524685113605e-04	1.943997e+00	3.524469e-01	7.615448e-01	-7.615448e-04	7.615448e-04	-7.615448e-04	-7.615448e-04
3.262512231273294e-04	1.774820e+00	-7.183614e-02	5.529276e-01	-5.529276e-04	5.529276e-04	-5.529276e-04	-5.529276e-04
3.663858238570329e-04	1.488649e+00	-5.218675e-01	2.717605e-01	-2.717605e-04	2.717605e-04	-2.717605e-04	-2.717605e-04
3.940910829219811e-04	1.234819e+00	-8.180139e-01	4.491225e-02	-4.491225e-05	4.491225e-05	-4.491225e-05	-4.491225e-05
4.248236881017424e-04	9.099545e-01	-1.111619e+00	-2.243867e-01	2.243867e-04	-2.243867e-04	2.243867e-04	2.243867e-04
4.552398425979164e-04	5.550873e-01	-1.346158e+00	-4.874868e-01	4.874868e-04	-4.874868e-04	4.874868e-04	4.874868e-04
5.024632427262517e-04	-3.095279e-02	-1.587298e+00	-8.574705e-01	8.574705e-04	-8.574705e-04	8.574705e-04	8.574705e-04
5.528551585934730e-04	-6.520556e-01	-1.680250e+00	-1.169049e+00	1.169049e-03	-1.169049e-03	1.169049e-03	1.169049e-03
6.027602996761919e-04	-1.203455e+00	-1.594892e+00	-1.361104e+00	1.361104e-03	-1.361104e-03	1.361104e-03	1.361104e-03
6.448567147609035e-04	-1.579206e+00	-1.385281e+00	-1.409070e+00	1.409070e-03	-1.409070e-03	1.409070e-03	1.409070e-03
6.887359985822121e-04	-1.853647e+00	-1.058329e+00	-1.350802e+00	1.350802e-03	-1.350802e-03	1.350802e-03	1.350802e-03
7.139154677833282e-04	-1.948815e+00	-8.306138e-01	-1.269123e+00	1.269123e-03	-1.269123e-03	1.269123e-03	1.269123e-03
7.297915216778589e-04	-1.983899e+00	-6.713456e-01	-1.194925e+00	1.194926e-03	-1.194926e-03	1.194926e-03	1.194926e-03
7.451221465881550e-04	-1.999061e+00	-5.097674e-01	-1.108513e+00	1.108513e-03	-1.108513e-03	1.108513e-03	1.108513e-03
7.631865124836288e-04	-1.993139e+00	-3.137304e-01	-9.916608e-01	9.916609e-04	-9.916609e-04	9.916609e-04	9.916609e-04
7.864623665434434e-04	-1.947742e+00	-5.771928e-02	-8.201334e-01	8.201334e-04	-8.201334e-04	8.201334e-04	8.201334e-04
8.241724607808309e-04	-1.786710e+00	3.508976e-01	-5.092282e-01	5.092282e-04	-5.092282e-04	5.092282e-04	5.092282e-04
8.653826905257581e-04	-1.497038e+00	7.720899e-01	-1.431266e-01	1.431266e-04	-1.431266e-04	1.431266e-04	1.431266e-04
9.001528097495240e-04	-1.174016e+00	1.088583e+00	1.746778e-01	-1.746778e-04	1.746778e-04	-1.746778e-04	-1.746778e-04
9.321167156530239e-04	-8.274161e-01	1.322242e+00	4.557907e-01	-4.557907e-04	4.557907e-04	-4.557907e-04	-4.557907e-04
9.841602282083673e-04	-1.987200e-01	1.575159e+00	8.594417e-01	-8.594417e-04	8.594417e-04	-8.594417e-04	-8.594417e-04
1.040992198926533e-03	5.094467e-01	1.678300e+00	1.200183e+00	-1.200183e-03	1.200183e-03	-1.200183e-03	-1.200183e-03
1.092079671224350e-03	1.093627e+00	1.598569e+00	1.385749e+00	-1.385749e-03	1.385749e-03	-1.385749e-03	-1.385749e-03
1.135380393503425e-03	1.503379e+00	1.395237e+00	1.428144e+00	-1.428144e-03	1.428144e-03	-1.428144e-03	-1.428144e-03
1.180699500872329e-03	1.813379e+00	1.073390e+00	1.362983e+00	-1.362983e-03	1.362983e-03	-1.362983e-03	-1.362983e-03
1.211355188880568e-03	1.941331e+00	8.069183e-01	1.261323e+00	-1.261323e-03	1.261323e-03	-1.261323e-03	-1.261323e-03
1.226605603002731e-03	1.978432e+00	6.587529e-01	1.188657e+00	-1.188657e-03	1.188657e-03	-1.188657e-03	-1.188657e-03
1.245532752739969e-03	1.999212e+00	4.644722e-01	1.079696e+00	-1.079696e-03	1.079696e-03	-1.079696e-03	-1.079696e-03
1.263339238429154e-03	1.992980e+00	2.762654e-01	9.630640e-01	-9.630641e-04	9.630641e-04	-9.630641e-04	-9.630641e-04
1.286710720025277e-03	1.947031e+00	2.573218e-02	7.898566e-01	-7.898565e-04	7.898565e-04	-7.898565e-04	-7.898565e-04
1.324572754378935e-03	1.784444e+00	-3.739803e-01	4.791254e-01	-4.791254e-04	4.791254e-04	-4.791254e-04	-4.791254e-04
1.366017736033196e-03	1.491734e+00	-7.860411e-01	1.151472e-01	-1.151472e-04	1.151472e-04	-1.151472e-04	-1.151472e-04
1.403082690502516e-03	1.144012e+00	-1.111870e+00	-2.175231e-01	2.175231e-04	-2.175231e-04	2.175231e-04	2.175231e-04
1.438687503915968e-03	7.515590e-01	-1.358162e+00	-5.217447e-01	5.217447e-04	-5.217447e-04	5.217447e-04	5.217447e-04
1.493221025543411e-03	8.516135e-02	-1.593997e+00	-9.238463e-01	9.238463e-04	-9.238463e-04	9.238463e-04	9.238463e-04
1.552783450580290e-03	-6.512037e-01	-1.666262e+00	-1.252493e+00	1.252493e-03	-1.252493e-03	1.252493e-03	1.252493e-03
1.600499555380417e-03	-1.180643e+00	-1.563698e+00	-1.400485e+00	1.400485e-03	-1.400485e-03	1.400485e-03	1.400485e-03
1.643099526526605e-03	-1.565560e+00	-1.342932e+00	-1.420701e+00	1.420701e-03	-1.420701e-03	1.420701e-03	1.420701e-03
1.687413265734181e-03	-1.847342e+00	-1.016565e+00	-1.342421e+00	1.342421e-03	-1.342421e-03	1.342421e-03	1.342421e-03
1.711626884522502e-03	-1.942149e+00	-8.030614e-01	-1.257405e+00	1.257405e-03	-1.257405e-03	1.257405e-03	1.257405e-03
1.726943873121890e-03	-1.979051e+00	-6.537222e-01	-1.183145e+00	1.183145e-03	-1.183145e-03	1.183145e-03	1.183145e-03
1.745951376659714e-03	-1.999353e+00	-4.591552e-01	-1.073884e+00	1.073884e-03	-1.073884e-03	1.073884e-03	1.073884e-03
1.763494927383707e-03	-1.992815e+00	-2.741917e-01	-9.591845e-01	9.591845e-04	-9.591845e-04	9.591845e-04	9.591845e-04
1.786963883833849e-03	-1.946302e+00	-2.316871e-02	-7.855877e-01	7.855876e-04	-7.855876e-04	7.855876e-04	7.855876e-04
1.824980743912921e-03	-1.782123e+00	3.774191e-01	-4.742393e-01	4.742394e-04	-4.742394e-04	4.742394e-04	4.742394e-04
1.866222458546697e-03	-1.490019e+00	7.867602e-01	-1.127436e-01	1.127436e-04	-1.127436e-04	1.127436e-04	1.127436e-04
1.903376065539134e-03	-1.140986e+00	1.112782e+00	2.201069e-01	-2.201069e-04	2.201069e-04	-2.201069e-04	-2.201069e-04
1.939141161877710e-03	-7.462729e-01	1.359563e+00	5.250593e-01	-5.250594e-04	5.250594e-04	-5.250594e-04	-5.250594e-04
1.993787200360148e-03	-7.805251e-02	1.640893e+00	9.545845e-01	-9.545845e-04	9.545845e-04	-9.545845e-04	-9.545845e-04
2.000000000000000e-03	-nan(ind)	-nan(ind)	-nan(ind)	-nan(ind)	-nan(ind)	-nan(ind)	-nan(ind)
