            0            0            0            0            0            0
   1.0000e-05   3.7600e-01   3.7600e-01            0            0            0
   2.0000e-05   7.4607e-01   7.4607e-01            0            0            0
   3.0000e-05   1.1044e+00   8.3580e-01  -5.3714e-05  -5.3714e-05  -5.3714e-05
   4.0000e-05   1.4453e+00   6.4378e-01  -1.6030e-04  -1.6030e-04  -1.6030e-04
   5.0000e-05   1.7634e+00   3.6488e-01  -2.7970e-04  -2.7970e-04  -2.7970e-04
   6.0000e-05   2.0536e+00   1.9532e-01  -3.7166e-04  -3.7166e-04  -3.7166e-04
   7.0000e-05   2.3115e+00   1.9259e-01  -4.2379e-04  -4.2379e-04  -4.2379e-04
   8.0000e-05   2.5330e+00   2.7452e-01  -4.5169e-04  -4.5169e-04  -4.5169e-04
   9.0000e-05   2.7145e+00   3.1846e-01  -4.7921e-04  -4.7921e-04  -4.7921e-04
   1.0000e-04   2.8532e+00   2.6106e-01  -5.1842e-04  -5.1842e-04  -5.1842e-04
   1.1000e-04   2.9469e+00   1.2728e-01  -5.6392e-04  -5.6392e-04  -5.6392e-04
   1.2000e-04   2.9941e+00  -1.1970e-02  -6.0121e-04  -6.0121e-04  -6.0121e-04
   1.3000e-04   2.9941e+00  -1.0289e-01  -6.1939e-04  -6.1939e-04  -6.1939e-04
   1.4000e-04   2.9469e+00  -1.4155e-01  -6.1768e-04  -6.1768e-04  -6.1768e-04
   1.5000e-04   2.8532e+00  -1.6176e-01  -6.0299e-04  -6.0299e-04  -6.0299e-04
   1.6000e-04   2.7145e+00  -1.9934e-01  -5.8276e-04  -5.8276e-04  -5.8276e-04
   1.7000e-04   2.5330e+00  -2.6529e-01  -5.5966e-04  -5.5966e-04  -5.5966e-04
   1.8000e-04   2.3115e+00  -3.4435e-01  -5.3118e-04  -5.3118e-04  -5.3118e-04
   1.9000e-04   2.0536e+00  -4.1276e-01  -4.9328e-04  -4.9328e-04  -4.9328e-04
   2.0000e-04   1.7634e+00  -4.5708e-01  -4.4409e-04  -4.4409e-04  -4.4409e-04
   2.1000e-04   1.4453e+00  -4.8034e-01  -3.8512e-04  -3.8512e-04  -3.8512e-04
   2.2000e-04   1.1044e+00  -4.9475e-01  -3.1982e-04  -3.1982e-04  -3.1982e-04
   2.3000e-04   7.4607e-01  -5.0995e-01  -2.5120e-04  -2.5120e-04  -2.5120e-04
   2.4000e-04   3.7600e-01  -5.2663e-01  -1.8053e-04  -1.8053e-04  -1.8053e-04
   2.5000e-04  -1.6928e-06  -5.3838e-01  -1.0768e-04  -1.0768e-04  -1.0768e-04
   2.6000e-04  -3.7600e-01  -5.3821e-01  -3.2443e-05  -3.2443e-05  -3.2443e-05
   2.7000e-04  -7.4607e-01  -5.2373e-01   4.4468e-05   4.4468e-05   4.4468e-05
   2.8000e-04  -1.1044e+00  -4.9759e-01   1.2136e-04   1.2136e-04   1.2136e-04
   2.9000e-04  -1.4453e+00  -4.6439e-01   1.9617e-04   1.9617e-04   1.9617e-04
   3.0000e-04  -1.7634e+00  -4.2706e-01   2.6726e-04   2.6726e-04   2.6726e-04
   3.1000e-04  -2.0536e+00  -3.8564e-01   3.3360e-04   3.3360e-04   3.3360e-04
   3.2000e-04  -2.3115e+00  -3.3849e-01   3.9461e-04   3.9461e-04   3.9461e-04
   3.3000e-04  -2.5330e+00  -2.8448e-01   4.4970e-04   4.4970e-04   4.4970e-04
   3.4000e-04  -2.7145e+00  -2.2420e-01   4.9806e-04   4.9806e-04   4.9806e-04
   3.5000e-04  -2.8532e+00  -1.5968e-01   5.3870e-04   5.3870e-04   5.3870e-04
   3.6000e-04  -2.9469e+00  -9.3235e-02   5.7073e-04   5.7073e-04   5.7073e-04
   3.7000e-04  -2.9941e+00  -2.6394e-02   5.9354e-04   5.9354e-04   5.9354e-04
   3.8000e-04  -2.9941e+00   4.0203e-02   6.0686e-04   6.0686e-04   6.0686e-04
   3.9000e-04  -2.9469e+00   1.0627e-01   6.1063e-04   6.1063e-04   6.1063e-04
   4.0000e-04  -2.8532e+00   1.7125e-01   6.0488e-04   6.0488e-04   6.0488e-04
   4.1000e-04  -2.7145e+00   2.3403e-01   5.8970e-04   5.8970e-04   5.8970e-04
   4.2000e-04  -2.5330e+00   2.9320e-01   5.6524e-04   5.6524e-04   5.6524e-04
   4.3000e-04  -2.3115e+00   3.4748e-01   5.3181e-04   5.3181e-04   5.3181e-04
   4.4000e-04  -2.0536e+00   3.9595e-01   4.8992e-04   4.8992e-04   4.8992e-04
   4.5000e-04  -1.7634e+00   4.3803e-01   4.4028e-04   4.4028e-04   4.4028e-04
   4.6000e-04  -1.4453e+00   4.7330e-01   3.8371e-04   3.8371e-04   3.8371e-04
   4.7000e-04  -1.1044e+00   5.0131e-01   3.2114e-04   3.2114e-04   3.2114e-04
   4.8000e-04  -7.4608e-01   5.2154e-01   2.5352e-04   2.5352e-04   2.5352e-04
   4.9000e-04  -3.7601e-01   5.3353e-01   1.8191e-04   1.8191e-04   1.8191e-04
   5.0000e-04  -6.6280e-06   5.3700e-01   1.0740e-04   1.0740e-04   1.0740e-04
   5.1000e-04   3.7599e-01   5.3191e-01   3.1183e-05   3.1183e-05   3.1183e-05
   5.2000e-04   7.4606e-01   5.1841e-01  -4.5531e-05  -4.5531e-05  -4.5531e-05
   5.3000e-04   1.1044e+00   4.9678e-01  -1.2152e-04  -1.2152e-04  -1.2152e-04
   5.4000e-04   1.4453e+00   4.6737e-01  -1.9558e-04  -1.9558e-04  -1.9558e-04
   5.5000e-04   1.7634e+00   4.3063e-01  -2.6654e-04  -2.6654e-04  -2.6654e-04
   5.6000e-04   2.0536e+00   3.8708e-01  -3.3331e-04  -3.3331e-04  -3.3331e-04
   5.7000e-04   2.3115e+00   3.3738e-01  -3.9483e-04  -3.9483e-04  -3.9483e-04
   5.8000e-04   2.5330e+00   2.8234e-01  -4.5013e-04  -4.5013e-04  -4.5013e-04
   5.9000e-04   2.7145e+00   2.2285e-01  -4.9833e-04  -4.9833e-04  -4.9833e-04
   6.0000e-04   2.8532e+00   1.5987e-01  -5.3866e-04  -5.3866e-04  -5.3866e-04
   6.1000e-04   2.9469e+00   9.4379e-02  -5.7050e-04  -5.7050e-04  -5.7050e-04
   6.2000e-04   2.9941e+00   2.7406e-02  -5.9333e-04  -5.9333e-04  -5.9333e-04
   6.3000e-04   2.9941e+00  -4.0008e-02  -6.0682e-04  -6.0682e-04  -6.0682e-04
   6.4000e-04   2.9469e+00  -1.0680e-01  -6.1073e-04  -6.1073e-04  -6.1073e-04
   6.5000e-04   2.8532e+00  -1.7192e-01  -6.0502e-04  -6.0502e-04  -6.0502e-04
   6.6000e-04   2.7145e+00  -2.3432e-01  -5.8976e-04  -5.8976e-04  -5.8976e-04
   6.7000e-04   2.5330e+00  -2.9302e-01  -5.6520e-04  -5.6520e-04  -5.6520e-04
   6.8000e-04   2.3115e+00  -3.4709e-01  -5.3173e-04  -5.3173e-04  -5.3173e-04
   6.9000e-04   2.0536e+00  -3.9569e-01  -4.8987e-04  -4.8987e-04  -4.8987e-04
   7.0000e-04   1.7633e+00  -4.3806e-01  -4.4028e-04  -4.4028e-04  -4.4028e-04
   7.1000e-04   1.4453e+00  -4.7352e-01  -3.8375e-04  -3.8375e-04  -3.8375e-04
   7.2000e-04   1.1044e+00  -5.0151e-01  -3.2117e-04  -3.2117e-04  -3.2117e-04
   7.3000e-04   7.4606e-01  -5.2158e-01  -2.5353e-04  -2.5353e-04  -2.5353e-04
   7.4000e-04   3.7599e-01  -5.3344e-01  -1.8189e-04  -1.8189e-04  -1.8189e-04
   7.5000e-04  -1.1516e-05  -5.3688e-01  -1.0737e-04  -1.0737e-04  -1.0737e-04
   7.6000e-04  -3.7601e-01  -5.3185e-01  -3.1168e-05  -3.1168e-05  -3.1168e-05
   7.7000e-04  -7.4608e-01  -5.1844e-01   4.5529e-05   4.5529e-05   4.5529e-05
   7.8000e-04  -1.1044e+00  -4.9685e-01   1.2151e-04   1.2151e-04   1.2151e-04
   7.9000e-04  -1.4453e+00  -4.6742e-01   1.9557e-04   1.9557e-04   1.9557e-04
   8.0000e-04  -1.7634e+00  -4.3062e-01   2.6655e-04   2.6655e-04   2.6655e-04
   8.1000e-04  -2.0537e+00  -3.8704e-01   3.3332e-04   3.3332e-04   3.3332e-04
   8.2000e-04  -2.3115e+00  -3.3735e-01   3.9484e-04   3.9484e-04   3.9484e-04
   8.3000e-04  -2.5330e+00  -2.8233e-01   4.5013e-04   4.5013e-04   4.5013e-04
   8.4000e-04  -2.7145e+00  -2.2287e-01   4.9832e-04   4.9832e-04   4.9832e-04
   8.5000e-04  -2.8532e+00  -1.5989e-01   5.3866e-04   5.3866e-04   5.3866e-04
   8.6000e-04  -2.9469e+00  -9.4387e-02   5.7050e-04   5.7050e-04   5.7050e-04
   8.7000e-04  -2.9941e+00  -2.7399e-02   5.9334e-04   5.9334e-04   5.9334e-04
   8.8000e-04  -2.9941e+00   4.0023e-02   6.0682e-04   6.0682e-04   6.0682e-04
   8.9000e-04  -2.9469e+00   1.0681e-01   6.1073e-04   6.1073e-04   6.1073e-04
   9.0000e-04  -2.8532e+00   1.7192e-01   6.0502e-04   6.0502e-04   6.0502e-04
   9.1000e-04  -2.7145e+00   2.3432e-01   5.8976e-04   5.8976e-04   5.8976e-04
   9.2000e-04  -2.5330e+00   2.9302e-01   5.6520e-04   5.6520e-04   5.6520e-04
   9.3000e-04  -2.3115e+00   3.4709e-01   5.3172e-04   5.3172e-04   5.3172e-04
   9.4000e-04  -2.0536e+00   3.9570e-01   4.8986e-04   4.8986e-04   4.8986e-04
   9.5000e-04  -1.7633e+00   4.3806e-01   4.4028e-04   4.4028e-04   4.4028e-04
   9.6000e-04  -1.4452e+00   4.7352e-01   3.8375e-04   3.8375e-04   3.8375e-04
   9.7000e-04  -1.1043e+00   5.0151e-01   3.2117e-04   3.2117e-04   3.2117e-04
   9.8000e-04  -7.4605e-01   5.2158e-01   2.5353e-04   2.5353e-04   2.5353e-04
   9.9000e-04  -3.7598e-01   5.3343e-01   1.8188e-04   1.8188e-04   1.8188e-04
   1.0000e-03   2.1076e-05   5.3687e-01   1.0737e-04   1.0737e-04   1.0737e-04
   1.0100e-03   3.7602e-01   5.3185e-01   3.1166e-05   3.1166e-05   3.1166e-05
   1.0200e-03   7.4609e-01   5.1844e-01  -4.5530e-05  -4.5530e-05  -4.5530e-05
   1.0300e-03   1.1044e+00   4.9685e-01  -1.2151e-04  -1.2151e-04  -1.2151e-04
   1.0400e-03   1.4453e+00   4.6742e-01  -1.9557e-04  -1.9557e-04  -1.9557e-04
   1.0500e-03   1.7634e+00   4.3062e-01  -2.6655e-04  -2.6655e-04  -2.6655e-04
   1.0600e-03   2.0536e+00   3.8703e-01  -3.3332e-04  -3.3332e-04  -3.3332e-04
   1.0700e-03   2.3115e+00   3.3734e-01  -3.9484e-04  -3.9484e-04  -3.9484e-04
   1.0800e-03   2.5330e+00   2.8233e-01  -4.5013e-04  -4.5013e-04  -4.5013e-04
   1.0900e-03   2.7145e+00   2.2287e-01  -4.9832e-04  -4.9832e-04  -4.9832e-04
   1.1000e-03   2.8532e+00   1.5989e-01  -5.3866e-04  -5.3866e-04  -5.3866e-04
   1.1100e-03   2.9469e+00   9.4389e-02  -5.7049e-04  -5.7049e-04  -5.7049e-04
   1.1200e-03   2.9941e+00   2.7399e-02  -5.9334e-04  -5.9334e-04  -5.9334e-04
   1.1300e-03   2.9941e+00  -4.0022e-02  -6.0682e-04  -6.0682e-04  -6.0682e-04
   1.1400e-03   2.9469e+00  -1.0681e-01  -6.1073e-04  -6.1073e-04  -6.1073e-04
   1.1500e-03   2.8532e+00  -1.7192e-01  -6.0502e-04  -6.0502e-04  -6.0502e-04
   1.1600e-03   2.7145e+00  -2.3431e-01  -5.8976e-04  -5.8976e-04  -5.8976e-04
   1.1700e-03   2.5330e+00  -2.9301e-01  -5.6520e-04  -5.6520e-04  -5.6520e-04
   1.1800e-03   2.3115e+00  -3.4709e-01  -5.3173e-04  -5.3173e-04  -5.3173e-04
   1.1900e-03   2.0536e+00  -3.9569e-01  -4.8987e-04  -4.8987e-04  -4.8987e-04
   1.2000e-03   1.7634e+00  -4.3806e-01  -4.4028e-04  -4.4028e-04  -4.4028e-04
   1.2100e-03   1.4453e+00  -4.7351e-01  -3.8376e-04  -3.8376e-04  -3.8376e-04
   1.2200e-03   1.1044e+00  -5.0150e-01  -3.2118e-04  -3.2118e-04  -3.2118e-04
   1.2300e-03   7.4608e-01  -5.2158e-01  -2.5353e-04  -2.5353e-04  -2.5353e-04
   1.2400e-03   3.7601e-01  -5.3343e-01  -1.8189e-04  -1.8189e-04  -1.8189e-04
   1.2500e-03   1.8001e-05  -5.3687e-01  -1.0738e-04  -1.0738e-04  -1.0738e-04
   1.2600e-03  -3.7598e-01  -5.3185e-01  -3.1173e-05  -3.1173e-05  -3.1173e-05
   1.2700e-03  -7.4605e-01  -5.1844e-01   4.5523e-05   4.5523e-05   4.5523e-05
   1.2800e-03  -1.1044e+00  -4.9685e-01   1.2150e-04   1.2150e-04   1.2150e-04
   1.2900e-03  -1.4452e+00  -4.6743e-01   1.9556e-04   1.9556e-04   1.9556e-04
   1.3000e-03  -1.7633e+00  -4.3063e-01   2.6654e-04   2.6654e-04   2.6654e-04
   1.3100e-03  -2.0536e+00  -3.8704e-01   3.3332e-04   3.3332e-04   3.3332e-04
   1.3200e-03  -2.3115e+00  -3.3735e-01   3.9483e-04   3.9483e-04   3.9483e-04
   1.3300e-03  -2.5330e+00  -2.8234e-01   4.5013e-04   4.5013e-04   4.5013e-04
   1.3400e-03  -2.7145e+00  -2.2287e-01   4.9832e-04   4.9832e-04   4.9832e-04
   1.3500e-03  -2.8532e+00  -1.5990e-01   5.3865e-04   5.3865e-04   5.3865e-04
   1.3600e-03  -2.9469e+00  -9.4397e-02   5.7049e-04   5.7049e-04   5.7049e-04
   1.3700e-03  -2.9941e+00  -2.7407e-02   5.9333e-04   5.9333e-04   5.9333e-04
   1.3800e-03  -2.9941e+00   4.0015e-02   6.0682e-04   6.0682e-04   6.0682e-04
   1.3900e-03  -2.9469e+00   1.0681e-01   6.1073e-04   6.1073e-04   6.1073e-04
   1.4000e-03  -2.8532e+00   1.7191e-01   6.0502e-04   6.0502e-04   6.0502e-04
   1.4100e-03  -2.7145e+00   2.3430e-01   5.8976e-04   5.8976e-04   5.8976e-04
   1.4200e-03  -2.5330e+00   2.9300e-01   5.6520e-04   5.6520e-04   5.6520e-04
   1.4300e-03  -2.3116e+00   3.4708e-01   5.3173e-04   5.3173e-04   5.3173e-04
   1.4400e-03  -2.0537e+00   3.9569e-01   4.8987e-04   4.8987e-04   4.8987e-04
   1.4500e-03  -1.7634e+00   4.3805e-01   4.4029e-04   4.4029e-04   4.4029e-04
   1.4600e-03  -1.4453e+00   4.7351e-01   3.8376e-04   3.8376e-04   3.8376e-04
   1.4700e-03  -1.1044e+00   5.0150e-01   3.2118e-04   3.2118e-04   3.2118e-04
   1.4800e-03  -7.4612e-01   5.2158e-01   2.5354e-04   2.5354e-04   2.5354e-04
   1.4900e-03  -3.7605e-01   5.3343e-01   1.8190e-04   1.8190e-04   1.8190e-04
   1.5000e-03  -5.7077e-05   5.3687e-01   1.0739e-04   1.0739e-04   1.0739e-04
   1.5100e-03   3.7594e-01   5.3185e-01   3.1181e-05   3.1181e-05   3.1181e-05
   1.5200e-03   7.4601e-01   5.1844e-01  -4.5515e-05  -4.5515e-05  -4.5515e-05
   1.5300e-03   1.1043e+00   4.9685e-01  -1.2149e-04  -1.2149e-04  -1.2149e-04
   1.5400e-03   1.4452e+00   4.6743e-01  -1.9556e-04  -1.9556e-04  -1.9556e-04
   1.5500e-03   1.7633e+00   4.3063e-01  -2.6654e-04  -2.6654e-04  -2.6654e-04
   1.5600e-03   2.0536e+00   3.8704e-01  -3.3331e-04  -3.3331e-04  -3.3331e-04
   1.5700e-03   2.3115e+00   3.3735e-01  -3.9483e-04  -3.9483e-04  -3.9483e-04
   1.5800e-03   2.5329e+00   2.8234e-01  -4.5012e-04  -4.5012e-04  -4.5012e-04
   1.5900e-03   2.7145e+00   2.2288e-01  -4.9831e-04  -4.9831e-04  -4.9831e-04
   1.6000e-03   2.8531e+00   1.5990e-01  -5.3865e-04  -5.3865e-04  -5.3865e-04
   1.6100e-03   2.9468e+00   9.4402e-02  -5.7049e-04  -5.7049e-04  -5.7049e-04
   1.6200e-03   2.9941e+00   2.7412e-02  -5.9333e-04  -5.9333e-04  -5.9333e-04
   1.6300e-03   2.9941e+00  -4.0009e-02  -6.0682e-04  -6.0682e-04  -6.0682e-04
   1.6400e-03   2.9469e+00  -1.0680e-01  -6.1073e-04  -6.1073e-04  -6.1073e-04
   1.6500e-03   2.8532e+00  -1.7190e-01  -6.0502e-04  -6.0502e-04  -6.0502e-04
   1.6600e-03   2.7145e+00  -2.3430e-01  -5.8976e-04  -5.8976e-04  -5.8976e-04
   1.6700e-03   2.5330e+00  -2.9300e-01  -5.6520e-04  -5.6520e-04  -5.6520e-04
   1.6800e-03   2.3116e+00  -3.4708e-01  -5.3173e-04  -5.3173e-04  -5.3173e-04
   1.6900e-03   2.0537e+00  -3.9568e-01  -4.8988e-04  -4.8988e-04  -4.8988e-04
   1.7000e-03   1.7634e+00  -4.3805e-01  -4.4029e-04  -4.4029e-04  -4.4029e-04
   1.7100e-03   1.4453e+00  -4.7350e-01  -3.8377e-04  -3.8377e-04  -3.8377e-04
   1.7200e-03   1.1045e+00  -5.0149e-01  -3.2119e-04  -3.2119e-04  -3.2119e-04
   1.7300e-03   7.4615e-01  -5.2158e-01  -2.5355e-04  -2.5355e-04  -2.5355e-04
   1.7400e-03   3.7609e-01  -5.3344e-01  -1.8190e-04  -1.8190e-04  -1.8190e-04
   1.7500e-03   9.3293e-05  -5.3687e-01  -1.0739e-04  -1.0739e-04  -1.0739e-04
   1.7600e-03  -3.7591e-01  -5.3185e-01  -3.1188e-05  -3.1188e-05  -3.1188e-05
   1.7700e-03  -7.4598e-01  -5.1844e-01   4.5508e-05   4.5508e-05   4.5508e-05
   1.7800e-03  -1.1043e+00  -4.9685e-01   1.2149e-04   1.2149e-04   1.2149e-04
   1.7900e-03  -1.4452e+00  -4.6743e-01   1.9555e-04   1.9555e-04   1.9555e-04
   1.8000e-03  -1.7633e+00  -4.3064e-01   2.6653e-04   2.6653e-04   2.6653e-04
   1.8100e-03  -2.0536e+00  -3.8705e-01   3.3330e-04   3.3330e-04   3.3330e-04
   1.8200e-03  -2.3115e+00  -3.3736e-01   3.9482e-04   3.9482e-04   3.9482e-04
   1.8300e-03  -2.5329e+00  -2.8235e-01   4.5012e-04   4.5012e-04   4.5012e-04
   1.8400e-03  -2.7144e+00  -2.2289e-01   4.9831e-04   4.9831e-04   4.9831e-04
   1.8500e-03  -2.8531e+00  -1.5991e-01   5.3865e-04   5.3865e-04   5.3865e-04
   1.8600e-03  -2.9468e+00  -9.4408e-02   5.7049e-04   5.7049e-04   5.7049e-04
   1.8700e-03  -2.9941e+00  -2.7420e-02   5.9333e-04   5.9333e-04   5.9333e-04
   1.8800e-03  -2.9941e+00   4.0000e-02   6.0682e-04   6.0682e-04   6.0682e-04
   1.8900e-03  -2.9469e+00   1.0679e-01   6.1073e-04   6.1073e-04   6.1073e-04
   1.9000e-03  -2.8532e+00   1.7190e-01   6.0502e-04   6.0502e-04   6.0502e-04
   1.9100e-03  -2.7145e+00   2.3429e-01   5.8976e-04   5.8976e-04   5.8976e-04
   1.9200e-03  -2.5330e+00   2.9299e-01   5.6521e-04   5.6521e-04   5.6521e-04
   1.9300e-03  -2.3116e+00   3.4707e-01   5.3174e-04   5.3174e-04   5.3174e-04
   1.9400e-03  -2.0537e+00   3.9568e-01   4.8988e-04   4.8988e-04   4.8988e-04
   1.9500e-03  -1.7635e+00   4.3804e-01   4.4030e-04   4.4030e-04   4.4030e-04
   1.9600e-03  -1.4454e+00   4.7351e-01   3.8377e-04   3.8377e-04   3.8377e-04
   1.9700e-03  -1.1045e+00   5.0150e-01   3.2120e-04   3.2120e-04   3.2120e-04
   1.9800e-03  -7.4618e-01   5.2159e-01   2.5355e-04   2.5355e-04   2.5355e-04
   1.9900e-03  -3.7611e-01   5.3344e-01   1.8191e-04   1.8191e-04   1.8191e-04
   2.0000e-03  -1.0662e-04   5.3688e-01   1.0740e-04   1.0740e-04   1.0740e-04
