            0            0            0            0            0            0
   1.0000e-05   3.1395e-02            0   3.1395e-05   3.1395e-05   3.1395e-05
   2.0000e-05   6.2667e-02            0   6.2667e-05   6.2667e-05   6.2667e-05
   3.0000e-05   9.3691e-02   3.1395e-03   9.0551e-05   9.0551e-05   9.0551e-05
   4.0000e-05   1.2434e-01   9.4062e-03   1.1494e-04   1.1494e-04   1.1494e-04
   5.0000e-05   1.5451e-01   1.8461e-02   1.3605e-04   1.3605e-04   1.3605e-04
   6.0000e-05   1.8406e-01   2.9955e-02   1.5411e-04   1.5411e-04   1.5411e-04
   7.0000e-05   2.1289e-01   4.3560e-02   1.6933e-04   1.6933e-04   1.6933e-04
   8.0000e-05   2.4088e-01   5.8971e-02   1.8191e-04   1.8191e-04   1.8191e-04
   9.0000e-05   2.6791e-01   7.5904e-02   1.9201e-04   1.9201e-04   1.9201e-04
   1.0000e-04   2.9389e-01   9.4094e-02   1.9980e-04   1.9980e-04   1.9980e-04
   1.1000e-04   3.1871e-01   1.1330e-01   2.0542e-04   2.0542e-04   2.0542e-04
   1.2000e-04   3.4227e-01   1.3328e-01   2.0900e-04   2.0900e-04   2.0900e-04
   1.3000e-04   3.6448e-01   1.5382e-01   2.1067e-04   2.1067e-04   2.1067e-04
   1.4000e-04   3.8526e-01   1.7472e-01   2.1054e-04   2.1054e-04   2.1054e-04
   1.5000e-04   4.0451e-01   1.9578e-01   2.0873e-04   2.0873e-04   2.0873e-04
   1.6000e-04   4.2216e-01   2.1684e-01   2.0533e-04   2.0533e-04   2.0533e-04
   1.7000e-04   4.3815e-01   2.3771e-01   2.0044e-04   2.0044e-04   2.0044e-04
   1.8000e-04   4.5241e-01   2.5824e-01   1.9417e-04   1.9417e-04   1.9417e-04
   1.9000e-04   4.6489e-01   2.7829e-01   1.8660e-04   1.8660e-04   1.8660e-04
   2.0000e-04   4.7553e-01   2.9770e-01   1.7782e-04   1.7782e-04   1.7782e-04
   2.1000e-04   4.8429e-01   3.1636e-01   1.6793e-04   1.6793e-04   1.6793e-04
   2.2000e-04   4.9114e-01   3.3415e-01   1.5700e-04   1.5700e-04   1.5700e-04
   2.3000e-04   4.9606e-01   3.5094e-01   1.4512e-04   1.4512e-04   1.4512e-04
   2.4000e-04   4.9901e-01   3.6664e-01   1.3237e-04   1.3237e-04   1.3237e-04
   2.5000e-04   5.0000e-01   3.8115e-01   1.1885e-04   1.1885e-04   1.1885e-04
   2.6000e-04   4.9901e-01   3.9439e-01   1.0463e-04   1.0463e-04   1.0463e-04
   2.7000e-04   4.9606e-01   4.0627e-01   8.9784e-05   8.9784e-05   8.9784e-05
   2.8000e-04   4.9114e-01   4.1674e-01   7.4408e-05   7.4408e-05   7.4408e-05
   2.9000e-04   4.8429e-01   4.2571e-01   5.8577e-05   5.8577e-05   5.8577e-05
   3.0000e-04   4.7553e-01   4.3315e-01   4.2373e-05   4.2373e-05   4.2373e-05
   3.1000e-04   4.6489e-01   4.3901e-01   2.5876e-05   2.5876e-05   2.5876e-05
   3.2000e-04   4.5241e-01   4.4325e-01   9.1635e-06   9.1635e-06   9.1635e-06
   3.3000e-04   4.3815e-01   4.4584e-01  -7.6842e-06  -7.6842e-06  -7.6842e-06
   3.4000e-04   4.2216e-01   4.4675e-01  -2.4590e-05  -2.4590e-05  -2.4590e-05
   3.5000e-04   4.0451e-01   4.4599e-01  -4.1477e-05  -4.1477e-05  -4.1477e-05
   3.6000e-04   3.8526e-01   4.4353e-01  -5.8270e-05  -5.8270e-05  -5.8270e-05
   3.7000e-04   3.6448e-01   4.3938e-01  -7.4894e-05  -7.4894e-05  -7.4894e-05
   3.8000e-04   3.4227e-01   4.3355e-01  -9.1278e-05  -9.1278e-05  -9.1278e-05
   3.9000e-04   3.1871e-01   4.2606e-01  -1.0735e-04  -1.0735e-04  -1.0735e-04
   4.0000e-04   2.9389e-01   4.1693e-01  -1.2304e-04  -1.2304e-04  -1.2304e-04
   4.1000e-04   2.6791e-01   4.0620e-01  -1.3829e-04  -1.3829e-04  -1.3829e-04
   4.2000e-04   2.4088e-01   3.9390e-01  -1.5302e-04  -1.5302e-04  -1.5302e-04
   4.3000e-04   2.1289e-01   3.8007e-01  -1.6718e-04  -1.6718e-04  -1.6718e-04
   4.4000e-04   1.8406e-01   3.6476e-01  -1.8070e-04  -1.8070e-04  -1.8070e-04
   4.5000e-04   1.5451e-01   3.4805e-01  -1.9354e-04  -1.9354e-04  -1.9354e-04
   4.6000e-04   1.2435e-01   3.2998e-01  -2.0563e-04  -2.0563e-04  -2.0563e-04
   4.7000e-04   9.3691e-02   3.1062e-01  -2.1693e-04  -2.1693e-04  -2.1693e-04
   4.8000e-04   6.2667e-02   2.9006e-01  -2.2739e-04  -2.2739e-04  -2.2739e-04
   4.9000e-04   3.1396e-02   2.6837e-01  -2.3697e-04  -2.3697e-04  -2.3697e-04
   5.0000e-04   5.5234e-07   2.4563e-01  -2.4563e-04  -2.4563e-04  -2.4563e-04
   5.1000e-04  -3.1395e-02   2.2193e-01  -2.5333e-04  -2.5333e-04  -2.5333e-04
   5.2000e-04  -6.2666e-02   1.9737e-01  -2.6003e-04  -2.6003e-04  -2.6003e-04
   5.3000e-04  -9.3690e-02   1.7204e-01  -2.6573e-04  -2.6573e-04  -2.6573e-04
   5.4000e-04  -1.2434e-01   1.4603e-01  -2.7038e-04  -2.7038e-04  -2.7038e-04
   5.5000e-04  -1.5451e-01   1.1946e-01  -2.7397e-04  -2.7397e-04  -2.7397e-04
   5.6000e-04  -1.8406e-01   9.2422e-02  -2.7648e-04  -2.7648e-04  -2.7648e-04
   5.7000e-04  -2.1289e-01   6.5025e-02  -2.7791e-04  -2.7791e-04  -2.7791e-04
   5.8000e-04  -2.4088e-01   3.7377e-02  -2.7825e-04  -2.7825e-04  -2.7825e-04
   5.9000e-04  -2.6791e-01   9.5851e-03  -2.7750e-04  -2.7750e-04  -2.7750e-04
   6.0000e-04  -2.9389e-01  -1.8240e-02  -2.7565e-04  -2.7565e-04  -2.7565e-04
   6.1000e-04  -3.1871e-01  -4.5990e-02  -2.7272e-04  -2.7272e-04  -2.7272e-04
   6.2000e-04  -3.4227e-01  -7.3555e-02  -2.6872e-04  -2.6872e-04  -2.6872e-04
   6.3000e-04  -3.6448e-01  -1.0083e-01  -2.6366e-04  -2.6366e-04  -2.6366e-04
   6.4000e-04  -3.8526e-01  -1.2770e-01  -2.5756e-04  -2.5756e-04  -2.5756e-04
   6.5000e-04  -4.0451e-01  -1.5407e-01  -2.5044e-04  -2.5044e-04  -2.5044e-04
   6.6000e-04  -4.2216e-01  -1.7982e-01  -2.4234e-04  -2.4234e-04  -2.4234e-04
   6.7000e-04  -4.3815e-01  -2.0487e-01  -2.3329e-04  -2.3329e-04  -2.3329e-04
   6.8000e-04  -4.5241e-01  -2.2910e-01  -2.2331e-04  -2.2331e-04  -2.2331e-04
   6.9000e-04  -4.6489e-01  -2.5243e-01  -2.1246e-04  -2.1246e-04  -2.1246e-04
   7.0000e-04  -4.7553e-01  -2.7476e-01  -2.0077e-04  -2.0077e-04  -2.0077e-04
   7.1000e-04  -4.8429e-01  -2.9601e-01  -1.8829e-04  -1.8829e-04  -1.8829e-04
   7.2000e-04  -4.9114e-01  -3.1608e-01  -1.7506e-04  -1.7506e-04  -1.7506e-04
   7.3000e-04  -4.9606e-01  -3.3491e-01  -1.6115e-04  -1.6115e-04  -1.6115e-04
   7.4000e-04  -4.9901e-01  -3.5242e-01  -1.4660e-04  -1.4660e-04  -1.4660e-04
   7.5000e-04  -5.0000e-01  -3.6853e-01  -1.3147e-04  -1.3147e-04  -1.3147e-04
   7.6000e-04  -4.9901e-01  -3.8319e-01  -1.1582e-04  -1.1582e-04  -1.1582e-04
   7.7000e-04  -4.9606e-01  -3.9634e-01  -9.9719e-05  -9.9719e-05  -9.9719e-05
   7.8000e-04  -4.9114e-01  -4.0792e-01  -8.3223e-05  -8.3223e-05  -8.3223e-05
   7.9000e-04  -4.8429e-01  -4.1789e-01  -6.6399e-05  -6.6399e-05  -6.6399e-05
   8.0000e-04  -4.7553e-01  -4.2621e-01  -4.9313e-05  -4.9313e-05  -4.9313e-05
   8.1000e-04  -4.6489e-01  -4.3285e-01  -3.2033e-05  -3.2033e-05  -3.2033e-05
   8.2000e-04  -4.5241e-01  -4.3779e-01  -1.4627e-05  -1.4627e-05  -1.4627e-05
   8.3000e-04  -4.3815e-01  -4.4099e-01   2.8365e-06   2.8365e-06   2.8365e-06
   8.4000e-04  -4.2216e-01  -4.4245e-01   2.0289e-05   2.0289e-05   2.0289e-05
   8.5000e-04  -4.0451e-01  -4.4217e-01   3.7661e-05   3.7661e-05   3.7661e-05
   8.6000e-04  -3.8526e-01  -4.4014e-01   5.4884e-05   5.4884e-05   5.4884e-05
   8.7000e-04  -3.6448e-01  -4.3637e-01   7.1890e-05   7.1890e-05   7.1890e-05
   8.8000e-04  -3.4227e-01  -4.3088e-01   8.8613e-05   8.8613e-05   8.8613e-05
   8.9000e-04  -3.1871e-01  -4.2370e-01   1.0499e-04   1.0499e-04   1.0499e-04
   9.0000e-04  -2.9389e-01  -4.1483e-01   1.2094e-04   1.2094e-04   1.2094e-04
   9.1000e-04  -2.6791e-01  -4.0434e-01   1.3642e-04   1.3642e-04   1.3642e-04
   9.2000e-04  -2.4088e-01  -3.9224e-01   1.5137e-04   1.5137e-04   1.5137e-04
   9.3000e-04  -2.1289e-01  -3.7860e-01   1.6571e-04   1.6571e-04   1.6571e-04
   9.4000e-04  -1.8406e-01  -3.6346e-01   1.7940e-04   1.7940e-04   1.7940e-04
   9.5000e-04  -1.5451e-01  -3.4689e-01   1.9238e-04   1.9238e-04   1.9238e-04
   9.6000e-04  -1.2434e-01  -3.2895e-01   2.0461e-04   2.0461e-04   2.0461e-04
   9.7000e-04  -9.3689e-02  -3.0971e-01   2.1602e-04   2.1602e-04   2.1602e-04
   9.8000e-04  -6.2665e-02  -2.8925e-01   2.2659e-04   2.2659e-04   2.2659e-04
   9.9000e-04  -3.1394e-02  -2.6765e-01   2.3626e-04   2.3626e-04   2.3626e-04
   1.0000e-03   1.7564e-06  -2.4499e-01   2.4499e-04   2.4499e-04   2.4499e-04
   1.0100e-03   3.1397e-02  -2.2137e-01   2.5276e-04   2.5276e-04   2.5276e-04
   1.0200e-03   6.2668e-02  -1.9687e-01   2.5953e-04   2.5953e-04   2.5953e-04
   1.0300e-03   9.3692e-02  -1.7159e-01   2.6528e-04   2.6528e-04   2.6528e-04
   1.0400e-03   1.2435e-01  -1.4564e-01   2.6998e-04   2.6998e-04   2.6998e-04
   1.0500e-03   1.5451e-01  -1.1911e-01   2.7362e-04   2.7362e-04   2.7362e-04
   1.0600e-03   1.8406e-01  -9.2110e-02   2.7617e-04   2.7617e-04   2.7617e-04
   1.0700e-03   2.1289e-01  -6.4748e-02   2.7764e-04   2.7764e-04   2.7764e-04
   1.0800e-03   2.4088e-01  -3.7131e-02   2.7801e-04   2.7801e-04   2.7801e-04
   1.0900e-03   2.6791e-01  -9.3670e-03   2.7728e-04   2.7728e-04   2.7728e-04
   1.1000e-03   2.9389e-01   1.8434e-02   2.7546e-04   2.7546e-04   2.7546e-04
   1.1100e-03   3.1871e-01   4.6162e-02   2.7255e-04   2.7255e-04   2.7255e-04
   1.1200e-03   3.4227e-01   7.3708e-02   2.6857e-04   2.6857e-04   2.6857e-04
   1.1300e-03   3.6448e-01   1.0096e-01   2.6352e-04   2.6352e-04   2.6352e-04
   1.1400e-03   3.8526e-01   1.2782e-01   2.5744e-04   2.5744e-04   2.5744e-04
   1.1500e-03   4.0451e-01   1.5417e-01   2.5034e-04   2.5034e-04   2.5034e-04
   1.1600e-03   4.2216e-01   1.7992e-01   2.4225e-04   2.4225e-04   2.4225e-04
   1.1700e-03   4.3815e-01   2.0495e-01   2.3320e-04   2.3320e-04   2.3320e-04
   1.1800e-03   4.5241e-01   2.2917e-01   2.2324e-04   2.2324e-04   2.2324e-04
   1.1900e-03   4.6489e-01   2.5249e-01   2.1239e-04   2.1239e-04   2.1239e-04
   1.2000e-03   4.7553e-01   2.7482e-01   2.0071e-04   2.0071e-04   2.0071e-04
   1.2100e-03   4.8429e-01   2.9606e-01   1.8823e-04   1.8823e-04   1.8823e-04
   1.2200e-03   4.9114e-01   3.1613e-01   1.7501e-04   1.7501e-04   1.7501e-04
   1.2300e-03   4.9606e-01   3.3495e-01   1.6111e-04   1.6111e-04   1.6111e-04
   1.2400e-03   4.9901e-01   3.5245e-01   1.4656e-04   1.4656e-04   1.4656e-04
   1.2500e-03   5.0000e-01   3.6856e-01   1.3144e-04   1.3144e-04   1.3144e-04
   1.2600e-03   4.9901e-01   3.8322e-01   1.1579e-04   1.1579e-04   1.1579e-04
   1.2700e-03   4.9606e-01   3.9636e-01   9.9694e-05   9.9694e-05   9.9694e-05
   1.2800e-03   4.9114e-01   4.0794e-01   8.3201e-05   8.3201e-05   8.3201e-05
   1.2900e-03   4.8429e-01   4.1791e-01   6.6380e-05   6.6380e-05   6.6380e-05
   1.3000e-03   4.7553e-01   4.2623e-01   4.9296e-05   4.9296e-05   4.9296e-05
   1.3100e-03   4.6489e-01   4.3287e-01   3.2019e-05   3.2019e-05   3.2019e-05
   1.3200e-03   4.5241e-01   4.3780e-01   1.4614e-05   1.4614e-05   1.4614e-05
   1.3300e-03   4.3815e-01   4.4100e-01  -2.8473e-06  -2.8473e-06  -2.8473e-06
   1.3400e-03   4.2217e-01   4.4246e-01  -2.0298e-05  -2.0298e-05  -2.0298e-05
   1.3500e-03   4.0451e-01   4.4218e-01  -3.7669e-05  -3.7669e-05  -3.7669e-05
   1.3600e-03   3.8526e-01   4.4015e-01  -5.4891e-05  -5.4891e-05  -5.4891e-05
   1.3700e-03   3.6449e-01   4.3638e-01  -7.1896e-05  -7.1896e-05  -7.1896e-05
   1.3800e-03   3.4228e-01   4.3089e-01  -8.8617e-05  -8.8617e-05  -8.8617e-05
   1.3900e-03   3.1871e-01   4.2370e-01  -1.0499e-04  -1.0499e-04  -1.0499e-04
   1.4000e-03   2.9390e-01   4.1484e-01  -1.2095e-04  -1.2095e-04  -1.2095e-04
   1.4100e-03   2.6792e-01   4.0434e-01  -1.3643e-04  -1.3643e-04  -1.3643e-04
   1.4200e-03   2.4088e-01   3.9225e-01  -1.5137e-04  -1.5137e-04  -1.5137e-04
   1.4300e-03   2.1289e-01   3.7861e-01  -1.6571e-04  -1.6571e-04  -1.6571e-04
   1.4400e-03   1.8407e-01   3.6347e-01  -1.7940e-04  -1.7940e-04  -1.7940e-04
   1.4500e-03   1.5451e-01   3.4690e-01  -1.9239e-04  -1.9239e-04  -1.9239e-04
   1.4600e-03   1.2435e-01   3.2896e-01  -2.0461e-04  -2.0461e-04  -2.0461e-04
   1.4700e-03   9.3695e-02   3.0972e-01  -2.1602e-04  -2.1602e-04  -2.1602e-04
   1.4800e-03   6.2671e-02   2.8926e-01  -2.2659e-04  -2.2659e-04  -2.2659e-04
   1.4900e-03   3.1400e-02   2.6766e-01  -2.3626e-04  -2.3626e-04  -2.3626e-04
   1.5000e-03   4.7564e-06   2.4500e-01  -2.4499e-04  -2.4499e-04  -2.4499e-04
   1.5100e-03  -3.1391e-02   2.2137e-01  -2.5276e-04  -2.5276e-04  -2.5276e-04
   1.5200e-03  -6.2662e-02   1.9687e-01  -2.5953e-04  -2.5953e-04  -2.5953e-04
   1.5300e-03  -9.3686e-02   1.7160e-01  -2.6528e-04  -2.6528e-04  -2.6528e-04
   1.5400e-03  -1.2434e-01   1.4564e-01  -2.6998e-04  -2.6998e-04  -2.6998e-04
   1.5500e-03  -1.5450e-01   1.1911e-01  -2.7362e-04  -2.7362e-04  -2.7362e-04
   1.5600e-03  -1.8406e-01   9.2116e-02  -2.7617e-04  -2.7617e-04  -2.7617e-04
   1.5700e-03  -2.1288e-01   6.4754e-02  -2.7764e-04  -2.7764e-04  -2.7764e-04
   1.5800e-03  -2.4087e-01   3.7137e-02  -2.7801e-04  -2.7801e-04  -2.7801e-04
   1.5900e-03  -2.6791e-01   9.3730e-03  -2.7728e-04  -2.7728e-04  -2.7728e-04
   1.6000e-03  -2.9389e-01  -1.8428e-02  -2.7546e-04  -2.7546e-04  -2.7546e-04
   1.6100e-03  -3.1871e-01  -4.6156e-02  -2.7255e-04  -2.7255e-04  -2.7255e-04
   1.6200e-03  -3.4227e-01  -7.3702e-02  -2.6857e-04  -2.6857e-04  -2.6857e-04
   1.6300e-03  -3.6448e-01  -1.0096e-01  -2.6352e-04  -2.6352e-04  -2.6352e-04
   1.6400e-03  -3.8525e-01  -1.2781e-01  -2.5744e-04  -2.5744e-04  -2.5744e-04
   1.6500e-03  -4.0450e-01  -1.5417e-01  -2.5034e-04  -2.5034e-04  -2.5034e-04
   1.6600e-03  -4.2216e-01  -1.7991e-01  -2.4225e-04  -2.4225e-04  -2.4225e-04
   1.6700e-03  -4.3815e-01  -2.0494e-01  -2.3321e-04  -2.3321e-04  -2.3321e-04
   1.6800e-03  -4.5241e-01  -2.2917e-01  -2.2324e-04  -2.2324e-04  -2.2324e-04
   1.6900e-03  -4.6489e-01  -2.5249e-01  -2.1240e-04  -2.1240e-04  -2.1240e-04
   1.7000e-03  -4.7553e-01  -2.7481e-01  -2.0071e-04  -2.0071e-04  -2.0071e-04
   1.7100e-03  -4.8429e-01  -2.9605e-01  -1.8824e-04  -1.8824e-04  -1.8824e-04
   1.7200e-03  -4.9114e-01  -3.1612e-01  -1.7502e-04  -1.7502e-04  -1.7502e-04
   1.7300e-03  -4.9606e-01  -3.3495e-01  -1.6111e-04  -1.6111e-04  -1.6111e-04
   1.7400e-03  -4.9901e-01  -3.5245e-01  -1.4656e-04  -1.4656e-04  -1.4656e-04
   1.7500e-03  -5.0000e-01  -3.6856e-01  -1.3144e-04  -1.3144e-04  -1.3144e-04
   1.7600e-03  -4.9901e-01  -3.8322e-01  -1.1580e-04  -1.1580e-04  -1.1580e-04
   1.7700e-03  -4.9606e-01  -3.9636e-01  -9.9697e-05  -9.9697e-05  -9.9697e-05
   1.7800e-03  -4.9115e-01  -4.0794e-01  -8.3204e-05  -8.3204e-05  -8.3204e-05
   1.7900e-03  -4.8429e-01  -4.1791e-01  -6.6383e-05  -6.6383e-05  -6.6383e-05
   1.8000e-03  -4.7553e-01  -4.2623e-01  -4.9300e-05  -4.9300e-05  -4.9300e-05
   1.8100e-03  -4.6489e-01  -4.3287e-01  -3.2022e-05  -3.2022e-05  -3.2022e-05
   1.8200e-03  -4.5242e-01  -4.3780e-01  -1.4618e-05  -1.4618e-05  -1.4618e-05
   1.8300e-03  -4.3816e-01  -4.4100e-01   2.8439e-06   2.8439e-06   2.8439e-06
   1.8400e-03  -4.2217e-01  -4.4246e-01   2.0295e-05   2.0295e-05   2.0295e-05
   1.8500e-03  -4.0451e-01  -4.4218e-01   3.7665e-05   3.7665e-05   3.7665e-05
   1.8600e-03  -3.8526e-01  -4.4015e-01   5.4887e-05   5.4887e-05   5.4887e-05
   1.8700e-03  -3.6449e-01  -4.3638e-01   7.1892e-05   7.1892e-05   7.1892e-05
   1.8800e-03  -3.4228e-01  -4.3089e-01   8.8614e-05   8.8614e-05   8.8614e-05
   1.8900e-03  -3.1872e-01  -4.2370e-01   1.0499e-04   1.0499e-04   1.0499e-04
   1.9000e-03  -2.9390e-01  -4.1484e-01   1.2094e-04   1.2094e-04   1.2094e-04
   1.9100e-03  -2.6792e-01  -4.0435e-01   1.3642e-04   1.3642e-04   1.3642e-04
   1.9200e-03  -2.4089e-01  -3.9225e-01   1.5137e-04   1.5137e-04   1.5137e-04
   1.9300e-03  -2.1290e-01  -3.7861e-01   1.6571e-04   1.6571e-04   1.6571e-04
   1.9400e-03  -1.8407e-01  -3.6347e-01   1.7940e-04   1.7940e-04   1.7940e-04
   1.9500e-03  -1.5452e-01  -3.4690e-01   1.9238e-04   1.9238e-04   1.9238e-04
   1.9600e-03  -1.2435e-01  -3.2896e-01   2.0461e-04   2.0461e-04   2.0461e-04
   1.9700e-03  -9.3700e-02  -3.0972e-01   2.1602e-04   2.1602e-04   2.1602e-04
   1.9800e-03  -6.2676e-02  -2.8926e-01   2.2659e-04   2.2659e-04   2.2659e-04
   1.9900e-03  -3.1405e-02  -2.6766e-01   2.3626e-04   2.3626e-04   2.3626e-04
   2.0000e-03  -8.8851e-06  -2.4500e-01   2.4499e-04   2.4499e-04   2.4499e-04
   2.0100e-03   3.1386e-02  -2.2138e-01   2.5276e-04   2.5276e-04   2.5276e-04
   2.0200e-03   6.2658e-02  -1.9688e-01   2.5953e-04   2.5953e-04   2.5953e-04
   2.0300e-03   9.3682e-02  -1.7160e-01   2.6528e-04   2.6528e-04   2.6528e-04
   2.0400e-03   1.2434e-01  -1.4565e-01   2.6998e-04   2.6998e-04   2.6998e-04
   2.0500e-03   1.5450e-01  -1.1912e-01   2.7362e-04   2.7362e-04   2.7362e-04
   2.0600e-03   1.8406e-01  -9.2120e-02   2.7618e-04   2.7618e-04   2.7618e-04
   2.0700e-03   2.1288e-01  -6.4758e-02   2.7764e-04   2.7764e-04   2.7764e-04
   2.0800e-03   2.4087e-01  -3.7141e-02   2.7801e-04   2.7801e-04   2.7801e-04
   2.0900e-03   2.6791e-01  -9.3765e-03   2.7728e-04   2.7728e-04   2.7728e-04
   2.1000e-03   2.9389e-01   1.8425e-02   2.7546e-04   2.7546e-04   2.7546e-04
   2.1100e-03   3.1871e-01   4.6153e-02   2.7255e-04   2.7255e-04   2.7255e-04
   2.1200e-03   3.4227e-01   7.3699e-02   2.6857e-04   2.6857e-04   2.6857e-04
   2.1300e-03   3.6448e-01   1.0095e-01   2.6353e-04   2.6353e-04   2.6353e-04
   2.1400e-03   3.8525e-01   1.2781e-01   2.5744e-04   2.5744e-04   2.5744e-04
   2.1500e-03   4.0451e-01   1.5416e-01   2.5034e-04   2.5034e-04   2.5034e-04
   2.1600e-03   4.2216e-01   1.7991e-01   2.4225e-04   2.4225e-04   2.4225e-04
   2.1700e-03   4.3815e-01   2.0494e-01   2.3321e-04   2.3321e-04   2.3321e-04
   2.1800e-03   4.5241e-01   2.2917e-01   2.2324e-04   2.2324e-04   2.2324e-04
   2.1900e-03   4.6489e-01   2.5249e-01   2.1240e-04   2.1240e-04   2.1240e-04
   2.2000e-03   4.7553e-01   2.7481e-01   2.0071e-04   2.0071e-04   2.0071e-04
   2.2100e-03   4.8429e-01   2.9605e-01   1.8824e-04   1.8824e-04   1.8824e-04
   2.2200e-03   4.9114e-01   3.1612e-01   1.7502e-04   1.7502e-04   1.7502e-04
   2.2300e-03   4.9606e-01   3.3495e-01   1.6111e-04   1.6111e-04   1.6111e-04
   2.2400e-03   4.9901e-01   3.5245e-01   1.4656e-04   1.4656e-04   1.4656e-04
   2.2500e-03   5.0000e-01   3.6856e-01   1.3144e-04   1.3144e-04   1.3144e-04
   2.2600e-03   4.9901e-01   3.8322e-01   1.1580e-04   1.1580e-04   1.1580e-04
   2.2700e-03   4.9606e-01   3.9636e-01   9.9697e-05   9.9697e-05   9.9697e-05
   2.2800e-03   4.9114e-01   4.0794e-01   8.3203e-05   8.3203e-05   8.3203e-05
   2.2900e-03   4.8429e-01   4.1791e-01   6.6382e-05   6.6382e-05   6.6382e-05
   2.3000e-03   4.7553e-01   4.2623e-01   4.9298e-05   4.9298e-05   4.9298e-05
   2.3100e-03   4.6489e-01   4.3287e-01   3.2020e-05   3.2020e-05   3.2020e-05
   2.3200e-03   4.5241e-01   4.3780e-01   1.4615e-05   1.4615e-05   1.4615e-05
   2.3300e-03   4.3815e-01   4.4100e-01  -2.8469e-06  -2.8469e-06  -2.8469e-06
   2.3400e-03   4.2216e-01   4.4246e-01  -2.0298e-05  -2.0298e-05  -2.0298e-05
   2.3500e-03   4.0451e-01   4.4218e-01  -3.7669e-05  -3.7669e-05  -3.7669e-05
   2.3600e-03   3.8526e-01   4.4015e-01  -5.4891e-05  -5.4891e-05  -5.4891e-05
   2.3700e-03   3.6448e-01   4.3638e-01  -7.1896e-05  -7.1896e-05  -7.1896e-05
   2.3800e-03   3.4227e-01   4.3089e-01  -8.8618e-05  -8.8618e-05  -8.8618e-05
   2.3900e-03   3.1871e-01   4.2370e-01  -1.0499e-04  -1.0499e-04  -1.0499e-04
   2.4000e-03   2.9389e-01   4.1484e-01  -1.2095e-04  -1.2095e-04  -1.2095e-04
   2.4100e-03   2.6791e-01   4.0434e-01  -1.3643e-04  -1.3643e-04  -1.3643e-04
   2.4200e-03   2.4088e-01   3.9225e-01  -1.5137e-04  -1.5137e-04  -1.5137e-04
   2.4300e-03   2.1289e-01   3.7860e-01  -1.6572e-04  -1.6572e-04  -1.6572e-04
   2.4400e-03   1.8406e-01   3.6347e-01  -1.7941e-04  -1.7941e-04  -1.7941e-04
   2.4500e-03   1.5451e-01   3.4690e-01  -1.9239e-04  -1.9239e-04  -1.9239e-04
   2.4600e-03   1.2434e-01   3.2895e-01  -2.0461e-04  -2.0461e-04  -2.0461e-04
   2.4700e-03   9.3688e-02   3.0972e-01  -2.1603e-04  -2.1603e-04  -2.1603e-04
   2.4800e-03   6.2664e-02   2.8925e-01  -2.2659e-04  -2.2659e-04  -2.2659e-04
   2.4900e-03   3.1393e-02   2.6765e-01  -2.3626e-04  -2.3626e-04  -2.3626e-04
   2.5000e-03  -3.1988e-06   2.4499e-01  -2.4500e-04  -2.4500e-04  -2.4500e-04
   2.5100e-03  -3.1398e-02   2.2137e-01  -2.5277e-04  -2.5277e-04  -2.5277e-04
   2.5200e-03  -6.2670e-02   1.9687e-01  -2.5954e-04  -2.5954e-04  -2.5954e-04
   2.5300e-03  -9.3694e-02   1.7159e-01  -2.6528e-04  -2.6528e-04  -2.6528e-04
   2.5400e-03  -1.2435e-01   1.4564e-01  -2.6999e-04  -2.6999e-04  -2.6999e-04
   2.5500e-03  -1.5451e-01   1.1911e-01  -2.7362e-04  -2.7362e-04  -2.7362e-04
   2.5600e-03  -1.8407e-01   9.2110e-02  -2.7618e-04  -2.7618e-04  -2.7618e-04
   2.5700e-03  -2.1289e-01   6.4748e-02  -2.7764e-04  -2.7764e-04  -2.7764e-04
   2.5800e-03  -2.4088e-01   3.7130e-02  -2.7801e-04  -2.7801e-04  -2.7801e-04
   2.5900e-03  -2.6792e-01   9.3659e-03  -2.7728e-04  -2.7728e-04  -2.7728e-04
   2.6000e-03  -2.9390e-01  -1.8435e-02  -2.7546e-04  -2.7546e-04  -2.7546e-04
   2.6100e-03  -3.1872e-01  -4.6164e-02  -2.7255e-04  -2.7255e-04  -2.7255e-04
   2.6200e-03  -3.4228e-01  -7.3710e-02  -2.6857e-04  -2.6857e-04  -2.6857e-04
   2.6300e-03  -3.6449e-01  -1.0097e-01  -2.6352e-04  -2.6352e-04  -2.6352e-04
   2.6400e-03  -3.8526e-01  -1.2782e-01  -2.5744e-04  -2.5744e-04  -2.5744e-04
   2.6500e-03  -4.0451e-01  -1.5417e-01  -2.5034e-04  -2.5034e-04  -2.5034e-04
   2.6600e-03  -4.2217e-01  -1.7992e-01  -2.4225e-04  -2.4225e-04  -2.4225e-04
   2.6700e-03  -4.3816e-01  -2.0495e-01  -2.3320e-04  -2.3320e-04  -2.3320e-04
   2.6800e-03  -4.5242e-01  -2.2918e-01  -2.2324e-04  -2.2324e-04  -2.2324e-04
   2.6900e-03  -4.6489e-01  -2.5250e-01  -2.1239e-04  -2.1239e-04  -2.1239e-04
   2.7000e-03  -4.7553e-01  -2.7482e-01  -2.0071e-04  -2.0071e-04  -2.0071e-04
   2.7100e-03  -4.8429e-01  -2.9606e-01  -1.8823e-04  -1.8823e-04  -1.8823e-04
   2.7200e-03  -4.9115e-01  -3.1613e-01  -1.7501e-04  -1.7501e-04  -1.7501e-04
   2.7300e-03  -4.9606e-01  -3.3495e-01  -1.6110e-04  -1.6110e-04  -1.6110e-04
   2.7400e-03  -4.9901e-01  -3.5246e-01  -1.4656e-04  -1.4656e-04  -1.4656e-04
   2.7500e-03  -5.0000e-01  -3.6857e-01  -1.3143e-04  -1.3143e-04  -1.3143e-04
   2.7600e-03  -4.9901e-01  -3.8322e-01  -1.1579e-04  -1.1579e-04  -1.1579e-04
   2.7700e-03  -4.9606e-01  -3.9637e-01  -9.9691e-05  -9.9691e-05  -9.9691e-05
   2.7800e-03  -4.9114e-01  -4.0794e-01  -8.3197e-05  -8.3197e-05  -8.3197e-05
   2.7900e-03  -4.8429e-01  -4.1791e-01  -6.6375e-05  -6.6375e-05  -6.6375e-05
   2.8000e-03  -4.7553e-01  -4.2623e-01  -4.9292e-05  -4.9292e-05  -4.9292e-05
   2.8100e-03  -4.6488e-01  -4.3287e-01  -3.2013e-05  -3.2013e-05  -3.2013e-05
   2.8200e-03  -4.5241e-01  -4.3780e-01  -1.4609e-05  -1.4609e-05  -1.4609e-05
   2.8300e-03  -4.3815e-01  -4.4100e-01   2.8536e-06   2.8536e-06   2.8536e-06
   2.8400e-03  -4.2216e-01  -4.4246e-01   2.0305e-05   2.0305e-05   2.0305e-05
   2.8500e-03  -4.0450e-01  -4.4218e-01   3.7675e-05   3.7675e-05   3.7675e-05
   2.8600e-03  -3.8525e-01  -4.4015e-01   5.4897e-05   5.4897e-05   5.4897e-05
   2.8700e-03  -3.6448e-01  -4.3638e-01   7.1903e-05   7.1903e-05   7.1903e-05
   2.8800e-03  -3.4226e-01  -4.3089e-01   8.8625e-05   8.8625e-05   8.8625e-05
   2.8900e-03  -3.1870e-01  -4.2370e-01   1.0500e-04   1.0500e-04   1.0500e-04
   2.9000e-03  -2.9388e-01  -4.1484e-01   1.2095e-04   1.2095e-04   1.2095e-04
   2.9100e-03  -2.6790e-01  -4.0434e-01   1.3643e-04   1.3643e-04   1.3643e-04
   2.9200e-03  -2.4087e-01  -3.9224e-01   1.5138e-04   1.5138e-04   1.5138e-04
   2.9300e-03  -2.1288e-01  -3.7860e-01   1.6572e-04   1.6572e-04   1.6572e-04
   2.9400e-03  -1.8405e-01  -3.6346e-01   1.7941e-04   1.7941e-04   1.7941e-04
   2.9500e-03  -1.5449e-01  -3.4689e-01   1.9239e-04   1.9239e-04   1.9239e-04
   2.9600e-03  -1.2433e-01  -3.2895e-01   2.0462e-04   2.0462e-04   2.0462e-04
   2.9700e-03  -9.3677e-02  -3.0971e-01   2.1603e-04   2.1603e-04   2.1603e-04
   2.9800e-03  -6.2652e-02  -2.8925e-01   2.2659e-04   2.2659e-04   2.2659e-04
   2.9900e-03  -3.1380e-02  -2.6764e-01   2.3626e-04   2.3626e-04   2.3626e-04
   3.0000e-03   1.5283e-05  -2.4498e-01   2.4500e-04   2.4500e-04   2.4500e-04
   3.0100e-03   3.1411e-02  -2.2136e-01   2.5277e-04   2.5277e-04   2.5277e-04
   3.0200e-03   6.2682e-02  -1.9686e-01   2.5954e-04   2.5954e-04   2.5954e-04
   3.0300e-03   9.3706e-02  -1.7158e-01   2.6529e-04   2.6529e-04   2.6529e-04
   3.0400e-03   1.2436e-01  -1.4563e-01   2.6999e-04   2.6999e-04   2.6999e-04
   3.0500e-03   1.5452e-01  -1.1910e-01   2.7362e-04   2.7362e-04   2.7362e-04
   3.0600e-03   1.8408e-01  -9.2099e-02   2.7618e-04   2.7618e-04   2.7618e-04
   3.0700e-03   2.1290e-01  -6.4737e-02   2.7764e-04   2.7764e-04   2.7764e-04
   3.0800e-03   2.4089e-01  -3.7120e-02   2.7801e-04   2.7801e-04   2.7801e-04
   3.0900e-03   2.6793e-01  -9.3554e-03   2.7728e-04   2.7728e-04   2.7728e-04
   3.1000e-03   2.9391e-01   1.8446e-02   2.7546e-04   2.7546e-04   2.7546e-04
   3.1100e-03   3.1873e-01   4.6174e-02   2.7255e-04   2.7255e-04   2.7255e-04
   3.1200e-03   3.4229e-01   7.3720e-02   2.6857e-04   2.6857e-04   2.6857e-04
   3.1300e-03   3.6450e-01   1.0098e-01   2.6352e-04   2.6352e-04   2.6352e-04
   3.1400e-03   3.8527e-01   1.2783e-01   2.5744e-04   2.5744e-04   2.5744e-04
   3.1500e-03   4.0452e-01   1.5418e-01   2.5034e-04   2.5034e-04   2.5034e-04
   3.1600e-03   4.2217e-01   1.7993e-01   2.4225e-04   2.4225e-04   2.4225e-04
   3.1700e-03   4.3816e-01   2.0496e-01   2.3320e-04   2.3320e-04   2.3320e-04
   3.1800e-03   4.5242e-01   2.2919e-01   2.2324e-04   2.2324e-04   2.2324e-04
   3.1900e-03   4.6490e-01   2.5251e-01   2.1239e-04   2.1239e-04   2.1239e-04
   3.2000e-03   4.7553e-01   2.7483e-01   2.0070e-04   2.0070e-04   2.0070e-04
   3.2100e-03   4.8430e-01   2.9607e-01   1.8823e-04   1.8823e-04   1.8823e-04
   3.2200e-03   4.9115e-01   3.1614e-01   1.7501e-04   1.7501e-04   1.7501e-04
   3.2300e-03   4.9606e-01   3.3496e-01   1.6110e-04   1.6110e-04   1.6110e-04
   3.2400e-03   4.9901e-01   3.5246e-01   1.4655e-04   1.4655e-04   1.4655e-04
   3.2500e-03   5.0000e-01   3.6857e-01   1.3143e-04   1.3143e-04   1.3143e-04
   3.2600e-03   4.9901e-01   3.8323e-01   1.1578e-04   1.1578e-04   1.1578e-04
   3.2700e-03   4.9605e-01   3.9637e-01   9.9684e-05   9.9684e-05   9.9684e-05
   3.2800e-03   4.9114e-01   4.0795e-01   8.3191e-05   8.3191e-05   8.3191e-05
   3.2900e-03   4.8429e-01   4.1792e-01   6.6369e-05   6.6369e-05   6.6369e-05
   3.3000e-03   4.7552e-01   4.2624e-01   4.9285e-05   4.9285e-05   4.9285e-05
   3.3100e-03   4.6488e-01   4.3287e-01   3.2007e-05   3.2007e-05   3.2007e-05
   3.3200e-03   4.5240e-01   4.3780e-01   1.4602e-05   1.4602e-05   1.4602e-05
   3.3300e-03   4.3814e-01   4.4100e-01  -2.8603e-06  -2.8603e-06  -2.8603e-06
   3.3400e-03   4.2215e-01   4.4246e-01  -2.0311e-05  -2.0311e-05  -2.0311e-05
   3.3500e-03   4.0449e-01   4.4218e-01  -3.7682e-05  -3.7682e-05  -3.7682e-05
   3.3600e-03   3.8524e-01   4.4015e-01  -5.4904e-05  -5.4904e-05  -5.4904e-05
   3.3700e-03   3.6447e-01   4.3638e-01  -7.1910e-05  -7.1910e-05  -7.1910e-05
   3.3800e-03   3.4226e-01   4.3089e-01  -8.8631e-05  -8.8631e-05  -8.8631e-05
   3.3900e-03   3.1869e-01   4.2370e-01  -1.0500e-04  -1.0500e-04  -1.0500e-04
   3.4000e-03   2.9387e-01   4.1483e-01  -1.2096e-04  -1.2096e-04  -1.2096e-04
   3.4100e-03   2.6789e-01   4.0433e-01  -1.3644e-04  -1.3644e-04  -1.3644e-04
   3.4200e-03   2.4085e-01   3.9224e-01  -1.5138e-04  -1.5138e-04  -1.5138e-04
   3.4300e-03   2.1287e-01   3.7859e-01  -1.6573e-04  -1.6573e-04  -1.6573e-04
   3.4400e-03   1.8404e-01   3.6345e-01  -1.7942e-04  -1.7942e-04  -1.7942e-04
   3.4500e-03   1.5448e-01   3.4688e-01  -1.9240e-04  -1.9240e-04  -1.9240e-04
   3.4600e-03   1.2432e-01   3.2894e-01  -2.0462e-04  -2.0462e-04  -2.0462e-04
   3.4700e-03   9.3665e-02   3.0970e-01  -2.1604e-04  -2.1604e-04  -2.1604e-04
   3.4800e-03   6.2640e-02   2.8924e-01  -2.2660e-04  -2.2660e-04  -2.2660e-04
   3.4900e-03   3.1369e-02   2.6763e-01  -2.3627e-04  -2.3627e-04  -2.3627e-04
   3.5000e-03  -2.7366e-05   2.4497e-01  -2.4500e-04  -2.4500e-04  -2.4500e-04
   3.5100e-03  -3.1423e-02   2.2135e-01  -2.5277e-04  -2.5277e-04  -2.5277e-04
   3.5200e-03  -6.2694e-02   1.9685e-01  -2.5954e-04  -2.5954e-04  -2.5954e-04
   3.5300e-03  -9.3718e-02   1.7157e-01  -2.6529e-04  -2.6529e-04  -2.6529e-04
   3.5400e-03  -1.2437e-01   1.4562e-01  -2.6999e-04  -2.6999e-04  -2.6999e-04
   3.5500e-03  -1.5454e-01   1.1909e-01  -2.7362e-04  -2.7362e-04  -2.7362e-04
   3.5600e-03  -1.8409e-01   9.2089e-02  -2.7618e-04  -2.7618e-04  -2.7618e-04
   3.5700e-03  -2.1292e-01   6.4727e-02  -2.7764e-04  -2.7764e-04  -2.7764e-04
   3.5800e-03  -2.4090e-01   3.7109e-02  -2.7801e-04  -2.7801e-04  -2.7801e-04
   3.5900e-03  -2.6794e-01   9.3447e-03  -2.7728e-04  -2.7728e-04  -2.7728e-04
   3.6000e-03  -2.9392e-01  -1.8456e-02  -2.7546e-04  -2.7546e-04  -2.7546e-04
   3.6100e-03  -3.1873e-01  -4.6185e-02  -2.7255e-04  -2.7255e-04  -2.7255e-04
   3.6200e-03  -3.4230e-01  -7.3731e-02  -2.6856e-04  -2.6856e-04  -2.6856e-04
   3.6300e-03  -3.6451e-01  -1.0099e-01  -2.6352e-04  -2.6352e-04  -2.6352e-04
   3.6400e-03  -3.8528e-01  -1.2784e-01  -2.5743e-04  -2.5743e-04  -2.5743e-04
   3.6500e-03  -4.0453e-01  -1.5419e-01  -2.5033e-04  -2.5033e-04  -2.5033e-04
   3.6600e-03  -4.2218e-01  -1.7994e-01  -2.4224e-04  -2.4224e-04  -2.4224e-04
   3.6700e-03  -4.3817e-01  -2.0497e-01  -2.3320e-04  -2.3320e-04  -2.3320e-04
   3.6800e-03  -4.5243e-01  -2.2920e-01  -2.2323e-04  -2.2323e-04  -2.2323e-04
   3.6900e-03  -4.6490e-01  -2.5251e-01  -2.1238e-04  -2.1238e-04  -2.1238e-04
   3.7000e-03  -4.7554e-01  -2.7484e-01  -2.0070e-04  -2.0070e-04  -2.0070e-04
   3.7100e-03  -4.8430e-01  -2.9608e-01  -1.8822e-04  -1.8822e-04  -1.8822e-04
   3.7200e-03  -4.9115e-01  -3.1615e-01  -1.7500e-04  -1.7500e-04  -1.7500e-04
   3.7300e-03  -4.9606e-01  -3.3497e-01  -1.6109e-04  -1.6109e-04  -1.6109e-04
   3.7400e-03  -4.9902e-01  -3.5247e-01  -1.4655e-04  -1.4655e-04  -1.4655e-04
   3.7500e-03  -5.0000e-01  -3.6858e-01  -1.3142e-04  -1.3142e-04  -1.3142e-04
   3.7600e-03  -4.9901e-01  -3.8323e-01  -1.1578e-04  -1.1578e-04  -1.1578e-04
   3.7700e-03  -4.9605e-01  -3.9638e-01  -9.9678e-05  -9.9678e-05  -9.9678e-05
   3.7800e-03  -4.9114e-01  -4.0795e-01  -8.3184e-05  -8.3184e-05  -8.3184e-05
   3.7900e-03  -4.8428e-01  -4.1792e-01  -6.6362e-05  -6.6362e-05  -6.6362e-05
   3.8000e-03  -4.7552e-01  -4.2624e-01  -4.9278e-05  -4.9278e-05  -4.9278e-05
   3.8100e-03  -4.6488e-01  -4.3288e-01  -3.2000e-05  -3.2000e-05  -3.2000e-05
   3.8200e-03  -4.5240e-01  -4.3780e-01  -1.4596e-05  -1.4596e-05  -1.4596e-05
   3.8300e-03  -4.3814e-01  -4.4100e-01   2.8670e-06   2.8670e-06   2.8670e-06
   3.8400e-03  -4.2214e-01  -4.4246e-01   2.0318e-05   2.0318e-05   2.0318e-05
   3.8500e-03  -4.0449e-01  -4.4218e-01   3.7688e-05   3.7688e-05   3.7688e-05
   3.8600e-03  -3.8523e-01  -4.4014e-01   5.4910e-05   5.4910e-05   5.4910e-05
   3.8700e-03  -3.6446e-01  -4.3638e-01   7.1916e-05   7.1916e-05   7.1916e-05
   3.8800e-03  -3.4225e-01  -4.3088e-01   8.8637e-05   8.8637e-05   8.8637e-05
   3.8900e-03  -3.1868e-01  -4.2369e-01   1.0501e-04   1.0501e-04   1.0501e-04
   3.9000e-03  -2.9386e-01  -4.1483e-01   1.2097e-04   1.2097e-04   1.2097e-04
   3.9100e-03  -2.6788e-01  -4.0433e-01   1.3645e-04   1.3645e-04   1.3645e-04
   3.9200e-03  -2.4084e-01  -3.9223e-01   1.5139e-04   1.5139e-04   1.5139e-04
   3.9300e-03  -2.1286e-01  -3.7859e-01   1.6573e-04   1.6573e-04   1.6573e-04
   3.9400e-03  -1.8403e-01  -3.6345e-01   1.7942e-04   1.7942e-04   1.7942e-04
   3.9500e-03  -1.5447e-01  -3.4688e-01   1.9240e-04   1.9240e-04   1.9240e-04
   3.9600e-03  -1.2431e-01  -3.2893e-01   2.0463e-04   2.0463e-04   2.0463e-04
   3.9700e-03  -9.3653e-02  -3.0969e-01   2.1604e-04   2.1604e-04   2.1604e-04
   3.9800e-03  -6.2628e-02  -2.8923e-01   2.2660e-04   2.2660e-04   2.2660e-04
   3.9900e-03  -3.1357e-02  -2.6763e-01   2.3627e-04   2.3627e-04   2.3627e-04
   4.0000e-03   3.9450e-05  -2.4497e-01   2.4501e-04   2.4501e-04   2.4501e-04
   4.0100e-03   3.1435e-02  -2.2134e-01   2.5277e-04   2.5277e-04   2.5277e-04
   4.0200e-03   6.2706e-02  -1.9684e-01   2.5954e-04   2.5954e-04   2.5954e-04
   4.0300e-03   9.3729e-02  -1.7156e-01   2.6529e-04   2.6529e-04   2.6529e-04
   4.0400e-03   1.2438e-01  -1.4561e-01   2.6999e-04   2.6999e-04   2.6999e-04
   4.0500e-03   1.5455e-01  -1.1908e-01   2.7362e-04   2.7362e-04   2.7362e-04
   4.0600e-03   1.8410e-01  -9.2079e-02   2.7618e-04   2.7618e-04   2.7618e-04
   4.0700e-03   2.1293e-01  -6.4716e-02   2.7764e-04   2.7764e-04   2.7764e-04
   4.0800e-03   2.4091e-01  -3.7098e-02   2.7801e-04   2.7801e-04   2.7801e-04
   4.0900e-03   2.6795e-01  -9.3341e-03   2.7728e-04   2.7728e-04   2.7728e-04
   4.1000e-03   2.9393e-01   1.8467e-02   2.7546e-04   2.7546e-04   2.7546e-04
   4.1100e-03   3.1874e-01   4.6195e-02   2.7255e-04   2.7255e-04   2.7255e-04
   4.1200e-03   3.4230e-01   7.3741e-02   2.6856e-04   2.6856e-04   2.6856e-04
   4.1300e-03   3.6451e-01   1.0100e-01   2.6352e-04   2.6352e-04   2.6352e-04
   4.1400e-03   3.8528e-01   1.2785e-01   2.5743e-04   2.5743e-04   2.5743e-04
   4.1500e-03   4.0453e-01   1.5420e-01   2.5033e-04   2.5033e-04   2.5033e-04
   4.1600e-03   4.2219e-01   1.7995e-01   2.4224e-04   2.4224e-04   2.4224e-04
   4.1700e-03   4.3817e-01   2.0498e-01   2.3319e-04   2.3319e-04   2.3319e-04
   4.1800e-03   4.5243e-01   2.2920e-01   2.2323e-04   2.2323e-04   2.2323e-04
   4.1900e-03   4.6490e-01   2.5252e-01   2.1238e-04   2.1238e-04   2.1238e-04
   4.2000e-03   4.7554e-01   2.7485e-01   2.0070e-04   2.0070e-04   2.0070e-04
   4.2100e-03   4.8430e-01   2.9608e-01   1.8822e-04   1.8822e-04   1.8822e-04
   4.2200e-03   4.9115e-01   3.1615e-01   1.7500e-04   1.7500e-04   1.7500e-04
   4.2300e-03   4.9606e-01   3.3498e-01   1.6109e-04   1.6109e-04   1.6109e-04
   4.2400e-03   4.9902e-01   3.5248e-01   1.4654e-04   1.4654e-04   1.4654e-04
   4.2500e-03   5.0000e-01   3.6858e-01   1.3142e-04   1.3142e-04   1.3142e-04
   4.2600e-03   4.9901e-01   3.8324e-01   1.1577e-04   1.1577e-04   1.1577e-04
   4.2700e-03   4.9605e-01   3.9638e-01   9.9672e-05   9.9672e-05   9.9672e-05
   4.2800e-03   4.9114e-01   4.0796e-01   8.3178e-05   8.3178e-05   8.3178e-05
   4.2900e-03   4.8428e-01   4.1792e-01   6.6356e-05   6.6356e-05   6.6356e-05
   4.3000e-03   4.7551e-01   4.2624e-01   4.9272e-05   4.9272e-05   4.9272e-05
   4.3100e-03   4.6487e-01   4.3288e-01   3.1993e-05   3.1993e-05   3.1993e-05
   4.3200e-03   4.5239e-01   4.3780e-01   1.4589e-05   1.4589e-05   1.4589e-05
   4.3300e-03   4.3813e-01   4.4100e-01  -2.8737e-06  -2.8737e-06  -2.8737e-06
   4.3400e-03   4.2214e-01   4.4246e-01  -2.0325e-05  -2.0325e-05  -2.0325e-05
   4.3500e-03   4.0448e-01   4.4218e-01  -3.7695e-05  -3.7695e-05  -3.7695e-05
   4.3600e-03   3.8523e-01   4.4014e-01  -5.4917e-05  -5.4917e-05  -5.4917e-05
   4.3700e-03   3.6445e-01   4.3637e-01  -7.1922e-05  -7.1922e-05  -7.1922e-05
   4.3800e-03   3.4224e-01   4.3088e-01  -8.8644e-05  -8.8644e-05  -8.8644e-05
   4.3900e-03   3.1867e-01   4.2369e-01  -1.0502e-04  -1.0502e-04  -1.0502e-04
   4.4000e-03   2.9385e-01   4.1483e-01  -1.2097e-04  -1.2097e-04  -1.2097e-04
   4.4100e-03   2.6787e-01   4.0432e-01  -1.3645e-04  -1.3645e-04  -1.3645e-04
   4.4200e-03   2.4083e-01   3.9223e-01  -1.5139e-04  -1.5139e-04  -1.5139e-04
   4.4300e-03   2.1284e-01   3.7858e-01  -1.6574e-04  -1.6574e-04  -1.6574e-04
   4.4400e-03   1.8402e-01   3.6344e-01  -1.7943e-04  -1.7943e-04  -1.7943e-04
   4.4500e-03   1.5446e-01   3.4687e-01  -1.9241e-04  -1.9241e-04  -1.9241e-04
   4.4600e-03   1.2430e-01   3.2893e-01  -2.0463e-04  -2.0463e-04  -2.0463e-04
   4.4700e-03   9.3641e-02   3.0969e-01  -2.1604e-04  -2.1604e-04  -2.1604e-04
   4.4800e-03   6.2616e-02   2.8922e-01  -2.2661e-04  -2.2661e-04  -2.2661e-04
   4.4900e-03   3.1345e-02   2.6762e-01  -2.3627e-04  -2.3627e-04  -2.3627e-04
   4.5000e-03  -5.1534e-05   2.4496e-01  -2.4501e-04  -2.4501e-04  -2.4501e-04
   4.5100e-03  -3.1447e-02   2.2133e-01  -2.5278e-04  -2.5278e-04  -2.5278e-04
   4.5200e-03  -6.2718e-02   1.9683e-01  -2.5955e-04  -2.5955e-04  -2.5955e-04
   4.5300e-03  -9.3741e-02   1.7155e-01  -2.6529e-04  -2.6529e-04  -2.6529e-04
   4.5400e-03  -1.2440e-01   1.4560e-01  -2.6999e-04  -2.6999e-04  -2.6999e-04
   4.5500e-03  -1.5456e-01   1.1907e-01  -2.7363e-04  -2.7363e-04  -2.7363e-04
   4.5600e-03  -1.8411e-01   9.2068e-02  -2.7618e-04  -2.7618e-04  -2.7618e-04
   4.5700e-03  -2.1294e-01   6.4706e-02  -2.7764e-04  -2.7764e-04  -2.7764e-04
   4.5800e-03  -2.4092e-01   3.7088e-02  -2.7801e-04  -2.7801e-04  -2.7801e-04
   4.5900e-03  -2.6796e-01   9.3234e-03  -2.7728e-04  -2.7728e-04  -2.7728e-04
   4.6000e-03  -2.9394e-01  -1.8478e-02  -2.7546e-04  -2.7546e-04  -2.7546e-04
   4.6100e-03  -3.1875e-01  -4.6206e-02  -2.7255e-04  -2.7255e-04  -2.7255e-04
   4.6200e-03  -3.4231e-01  -7.3752e-02  -2.6856e-04  -2.6856e-04  -2.6856e-04
   4.6300e-03  -3.6452e-01  -1.0101e-01  -2.6352e-04  -2.6352e-04  -2.6352e-04
   4.6400e-03  -3.8529e-01  -1.2786e-01  -2.5743e-04  -2.5743e-04  -2.5743e-04
   4.6500e-03  -4.0454e-01  -1.5421e-01  -2.5033e-04  -2.5033e-04  -2.5033e-04
   4.6600e-03  -4.2219e-01  -1.7996e-01  -2.4224e-04  -2.4224e-04  -2.4224e-04
   4.6700e-03  -4.3818e-01  -2.0499e-01  -2.3319e-04  -2.3319e-04  -2.3319e-04
   4.6800e-03  -4.5244e-01  -2.2921e-01  -2.2322e-04  -2.2322e-04  -2.2322e-04
   4.6900e-03  -4.6491e-01  -2.5253e-01  -2.1238e-04  -2.1238e-04  -2.1238e-04
   4.7000e-03  -4.7555e-01  -2.7485e-01  -2.0069e-04  -2.0069e-04  -2.0069e-04
   4.7100e-03  -4.8431e-01  -2.9609e-01  -1.8821e-04  -1.8821e-04  -1.8821e-04
   4.7200e-03  -4.9115e-01  -3.1616e-01  -1.7499e-04  -1.7499e-04  -1.7499e-04
   4.7300e-03  -4.9606e-01  -3.3498e-01  -1.6108e-04  -1.6108e-04  -1.6108e-04
   4.7400e-03  -4.9902e-01  -3.5248e-01  -1.4653e-04  -1.4653e-04  -1.4653e-04
   4.7500e-03  -5.0000e-01  -3.6859e-01  -1.3141e-04  -1.3141e-04  -1.3141e-04
   4.7600e-03  -4.9901e-01  -3.8324e-01  -1.1577e-04  -1.1577e-04  -1.1577e-04
   4.7700e-03  -4.9605e-01  -3.9638e-01  -9.9665e-05  -9.9665e-05  -9.9665e-05
   4.7800e-03  -4.9113e-01  -4.0796e-01  -8.3172e-05  -8.3172e-05  -8.3172e-05
   4.7900e-03  -4.8428e-01  -4.1793e-01  -6.6349e-05  -6.6349e-05  -6.6349e-05
   4.8000e-03  -4.7551e-01  -4.2625e-01  -4.9265e-05  -4.9265e-05  -4.9265e-05
   4.8100e-03  -4.6487e-01  -4.3288e-01  -3.1987e-05  -3.1987e-05  -3.1987e-05
   4.8200e-03  -4.5239e-01  -4.3781e-01  -1.4582e-05  -1.4582e-05  -1.4582e-05
   4.8300e-03  -4.3813e-01  -4.4101e-01   2.8800e-06   2.8800e-06   2.8800e-06
   4.8400e-03  -4.2213e-01  -4.4246e-01   2.0331e-05   2.0331e-05   2.0331e-05
   4.8500e-03  -4.0447e-01  -4.4218e-01   3.7702e-05   3.7702e-05   3.7702e-05
   4.8600e-03  -3.8522e-01  -4.4014e-01   5.4924e-05   5.4924e-05   5.4924e-05
   4.8700e-03  -3.6444e-01  -4.3637e-01   7.1929e-05   7.1929e-05   7.1929e-05
   4.8800e-03  -3.4223e-01  -4.3088e-01   8.8650e-05   8.8650e-05   8.8650e-05
   4.8900e-03  -3.1867e-01  -4.2369e-01   1.0502e-04   1.0502e-04   1.0502e-04
   4.9000e-03  -2.9384e-01  -4.1482e-01   1.2098e-04   1.2098e-04   1.2098e-04
   4.9100e-03  -2.6786e-01  -4.0432e-01   1.3646e-04   1.3646e-04   1.3646e-04
   4.9200e-03  -2.4082e-01  -3.9222e-01   1.5140e-04   1.5140e-04   1.5140e-04
   4.9300e-03  -2.1283e-01  -3.7858e-01   1.6574e-04   1.6574e-04   1.6574e-04
   4.9400e-03  -1.8400e-01  -3.6344e-01   1.7943e-04   1.7943e-04   1.7943e-04
   4.9500e-03  -1.5445e-01  -3.4686e-01   1.9241e-04   1.9241e-04   1.9241e-04
   4.9600e-03  -1.2428e-01  -3.2892e-01   2.0463e-04   2.0463e-04   2.0463e-04
   4.9700e-03  -9.3629e-02  -3.0968e-01   2.1605e-04   2.1605e-04   2.1605e-04
   4.9800e-03  -6.2604e-02  -2.8921e-01   2.2661e-04   2.2661e-04   2.2661e-04
   4.9900e-03  -3.1333e-02  -2.6761e-01   2.3628e-04   2.3628e-04   2.3628e-04
   5.0000e-03   6.3618e-05  -2.4495e-01   2.4501e-04   2.4501e-04   2.4501e-04
   5.0100e-03   3.1459e-02  -2.2132e-01   2.5278e-04   2.5278e-04   2.5278e-04
   5.0200e-03   6.2730e-02  -1.9682e-01   2.5955e-04   2.5955e-04   2.5955e-04
   5.0300e-03   9.3753e-02  -1.7154e-01   2.6529e-04   2.6529e-04   2.6529e-04
   5.0400e-03   1.2441e-01  -1.4559e-01   2.6999e-04   2.6999e-04   2.6999e-04
   5.0500e-03   1.5457e-01  -1.1906e-01   2.7363e-04   2.7363e-04   2.7363e-04
   5.0600e-03   1.8412e-01  -9.2058e-02   2.7618e-04   2.7618e-04   2.7618e-04
   5.0700e-03   2.1295e-01  -6.4695e-02   2.7764e-04   2.7764e-04   2.7764e-04
   5.0800e-03   2.4093e-01  -3.7077e-02   2.7801e-04   2.7801e-04   2.7801e-04
   5.0900e-03   2.6797e-01  -9.3128e-03   2.7728e-04   2.7728e-04   2.7728e-04
   5.1000e-03   2.9395e-01   1.8488e-02   2.7546e-04   2.7546e-04   2.7546e-04
   5.1100e-03   3.1876e-01   4.6216e-02   2.7255e-04   2.7255e-04   2.7255e-04
   5.1200e-03   3.4232e-01   7.3762e-02   2.6856e-04   2.6856e-04   2.6856e-04
   5.1300e-03   3.6453e-01   1.0102e-01   2.6351e-04   2.6351e-04   2.6351e-04
   5.1400e-03   3.8530e-01   1.2787e-01   2.5743e-04   2.5743e-04   2.5743e-04
   5.1500e-03   4.0455e-01   1.5422e-01   2.5032e-04   2.5032e-04   2.5032e-04
   5.1600e-03   4.2220e-01   1.7997e-01   2.4223e-04   2.4223e-04   2.4223e-04
   5.1700e-03   4.3819e-01   2.0500e-01   2.3319e-04   2.3319e-04   2.3319e-04
   5.1800e-03   4.5244e-01   2.2922e-01   2.2322e-04   2.2322e-04   2.2322e-04
   5.1900e-03   4.6491e-01   2.5254e-01   2.1237e-04   2.1237e-04   2.1237e-04
   5.2000e-03   4.7555e-01   2.7486e-01   2.0069e-04   2.0069e-04   2.0069e-04
   5.2100e-03   4.8431e-01   2.9610e-01   1.8821e-04   1.8821e-04   1.8821e-04
   5.2200e-03   4.9116e-01   3.1617e-01   1.7499e-04   1.7499e-04   1.7499e-04
   5.2300e-03   4.9607e-01   3.3499e-01   1.6108e-04   1.6108e-04   1.6108e-04
   5.2400e-03   4.9902e-01   3.5249e-01   1.4653e-04   1.4653e-04   1.4653e-04
   5.2500e-03   5.0000e-01   3.6860e-01   1.3140e-04   1.3140e-04   1.3140e-04
   5.2600e-03   4.9901e-01   3.8325e-01   1.1576e-04   1.1576e-04   1.1576e-04
   5.2700e-03   4.9605e-01   3.9639e-01   9.9659e-05   9.9659e-05   9.9659e-05
   5.2800e-03   4.9113e-01   4.0797e-01   8.3165e-05   8.3165e-05   8.3165e-05
   5.2900e-03   4.8427e-01   4.1793e-01   6.6343e-05   6.6343e-05   6.6343e-05
   5.3000e-03   4.7551e-01   4.2625e-01   4.9259e-05   4.9259e-05   4.9259e-05
   5.3100e-03   4.6486e-01   4.3288e-01   3.1980e-05   3.1980e-05   3.1980e-05
   5.3200e-03   4.5238e-01   4.3781e-01   1.4575e-05   1.4575e-05   1.4575e-05
   5.3300e-03   4.3812e-01   4.4101e-01  -2.8872e-06  -2.8872e-06  -2.8872e-06
   5.3400e-03   4.2213e-01   4.4246e-01  -2.0338e-05  -2.0338e-05  -2.0338e-05
   5.3500e-03   4.0447e-01   4.4217e-01  -3.7708e-05  -3.7708e-05  -3.7708e-05
   5.3600e-03   3.8521e-01   4.4014e-01  -5.4930e-05  -5.4930e-05  -5.4930e-05
   5.3700e-03   3.6444e-01   4.3637e-01  -7.1935e-05  -7.1935e-05  -7.1935e-05
   5.3800e-03   3.4222e-01   4.3088e-01  -8.8656e-05  -8.8656e-05  -8.8656e-05
   5.3900e-03   3.1866e-01   4.2368e-01  -1.0503e-04  -1.0503e-04  -1.0503e-04
   5.4000e-03   2.9383e-01   4.1482e-01  -1.2099e-04  -1.2099e-04  -1.2099e-04
   5.4100e-03   2.6785e-01   4.0432e-01  -1.3646e-04  -1.3646e-04  -1.3646e-04
   5.4200e-03   2.4081e-01   3.9222e-01  -1.5140e-04  -1.5140e-04  -1.5140e-04
   5.4300e-03   2.1282e-01   3.7857e-01  -1.6575e-04  -1.6575e-04  -1.6575e-04
   5.4400e-03   1.8399e-01   3.6343e-01  -1.7944e-04  -1.7944e-04  -1.7944e-04
   5.4500e-03   1.5444e-01   3.4686e-01  -1.9242e-04  -1.9242e-04  -1.9242e-04
   5.4600e-03   1.2427e-01   3.2891e-01  -2.0464e-04  -2.0464e-04  -2.0464e-04
   5.4700e-03   9.3618e-02   3.0967e-01  -2.1605e-04  -2.1605e-04  -2.1605e-04
   5.4800e-03   6.2593e-02   2.8921e-01  -2.2661e-04  -2.2661e-04  -2.2661e-04
   5.4900e-03   3.1320e-02   2.6760e-01  -2.3628e-04  -2.3628e-04  -2.3628e-04
   5.5000e-03  -7.5702e-05   2.4494e-01  -2.4502e-04  -2.4502e-04  -2.4502e-04
   5.5100e-03  -3.1471e-02   2.2131e-01  -2.5278e-04  -2.5278e-04  -2.5278e-04
   5.5200e-03  -6.2742e-02   1.9681e-01  -2.5955e-04  -2.5955e-04  -2.5955e-04
   5.5300e-03  -9.3765e-02   1.7153e-01  -2.6530e-04  -2.6530e-04  -2.6530e-04
   5.5400e-03  -1.2442e-01   1.4558e-01  -2.6999e-04  -2.6999e-04  -2.6999e-04
   5.5500e-03  -1.5458e-01   1.1905e-01  -2.7363e-04  -2.7363e-04  -2.7363e-04
   5.5600e-03  -1.8413e-01   9.2047e-02  -2.7618e-04  -2.7618e-04  -2.7618e-04
   5.5700e-03  -2.1296e-01   6.4685e-02  -2.7764e-04  -2.7764e-04  -2.7764e-04
   5.5800e-03  -2.4094e-01   3.7067e-02  -2.7801e-04  -2.7801e-04  -2.7801e-04
   5.5900e-03  -2.6798e-01   9.3022e-03  -2.7728e-04  -2.7728e-04  -2.7728e-04
   5.6000e-03  -2.9396e-01  -1.8499e-02  -2.7546e-04  -2.7546e-04  -2.7546e-04
   5.6100e-03  -3.1877e-01  -4.6227e-02  -2.7254e-04  -2.7254e-04  -2.7254e-04
   5.6200e-03  -3.4233e-01  -7.3773e-02  -2.6856e-04  -2.6856e-04  -2.6856e-04
   5.6300e-03  -3.6454e-01  -1.0103e-01  -2.6351e-04  -2.6351e-04  -2.6351e-04
   5.6400e-03  -3.8531e-01  -1.2788e-01  -2.5742e-04  -2.5742e-04  -2.5742e-04
   5.6500e-03  -4.0456e-01  -1.5423e-01  -2.5032e-04  -2.5032e-04  -2.5032e-04
   5.6600e-03  -4.2221e-01  -1.7998e-01  -2.4223e-04  -2.4223e-04  -2.4223e-04
   5.6700e-03  -4.3819e-01  -2.0501e-01  -2.3318e-04  -2.3318e-04  -2.3318e-04
   5.6800e-03  -4.5245e-01  -2.2923e-01  -2.2322e-04  -2.2322e-04  -2.2322e-04
   5.6900e-03  -4.6492e-01  -2.5255e-01  -2.1237e-04  -2.1237e-04  -2.1237e-04
   5.7000e-03  -4.7555e-01  -2.7487e-01  -2.0068e-04  -2.0068e-04  -2.0068e-04
   5.7100e-03  -4.8431e-01  -2.9611e-01  -1.8820e-04  -1.8820e-04  -1.8820e-04
   5.7200e-03  -4.9116e-01  -3.1618e-01  -1.7498e-04  -1.7498e-04  -1.7498e-04
   5.7300e-03  -4.9607e-01  -3.3500e-01  -1.6107e-04  -1.6107e-04  -1.6107e-04
   5.7400e-03  -4.9902e-01  -3.5249e-01  -1.4652e-04  -1.4652e-04  -1.4652e-04
   5.7500e-03  -5.0000e-01  -3.6860e-01  -1.3140e-04  -1.3140e-04  -1.3140e-04
   5.7600e-03  -4.9901e-01  -3.8325e-01  -1.1575e-04  -1.1575e-04  -1.1575e-04
   5.7700e-03  -4.9605e-01  -3.9639e-01  -9.9653e-05  -9.9653e-05  -9.9653e-05
   5.7800e-03  -4.9113e-01  -4.0797e-01  -8.3159e-05  -8.3159e-05  -8.3159e-05
   5.7900e-03  -4.8427e-01  -4.1793e-01  -6.6336e-05  -6.6336e-05  -6.6336e-05
   5.8000e-03  -4.7550e-01  -4.2625e-01  -4.9252e-05  -4.9252e-05  -4.9252e-05
   5.8100e-03  -4.6486e-01  -4.3288e-01  -3.1974e-05  -3.1974e-05  -3.1974e-05
   5.8200e-03  -4.5238e-01  -4.3781e-01  -1.4568e-05  -1.4568e-05  -1.4568e-05
   5.8300e-03  -4.3811e-01  -4.4101e-01   2.8939e-06   2.8939e-06   2.8939e-06
   5.8400e-03  -4.2212e-01  -4.4246e-01   2.0345e-05   2.0345e-05   2.0345e-05
   5.8500e-03  -4.0446e-01  -4.4217e-01   3.7715e-05   3.7715e-05   3.7715e-05
   5.8600e-03  -3.8520e-01  -4.4014e-01   5.4937e-05   5.4937e-05   5.4937e-05
   5.8700e-03  -3.6443e-01  -4.3637e-01   7.1941e-05   7.1941e-05   7.1941e-05
   5.8800e-03  -3.4221e-01  -4.3087e-01   8.8662e-05   8.8662e-05   8.8662e-05
   5.8900e-03  -3.1865e-01  -4.2368e-01   1.0503e-04   1.0503e-04   1.0503e-04
   5.9000e-03  -2.9382e-01  -4.1481e-01   1.2099e-04   1.2099e-04   1.2099e-04
   5.9100e-03  -2.6784e-01  -4.0431e-01   1.3647e-04   1.3647e-04   1.3647e-04
   5.9200e-03  -2.4080e-01  -3.9221e-01   1.5141e-04   1.5141e-04   1.5141e-04
   5.9300e-03  -2.1281e-01  -3.7857e-01   1.6575e-04   1.6575e-04   1.6575e-04
   5.9400e-03  -1.8398e-01  -3.6342e-01   1.7944e-04   1.7944e-04   1.7944e-04
   5.9500e-03  -1.5443e-01  -3.4685e-01   1.9242e-04   1.9242e-04   1.9242e-04
   5.9600e-03  -1.2426e-01  -3.2890e-01   2.0464e-04   2.0464e-04   2.0464e-04
   5.9700e-03  -9.3606e-02  -3.0966e-01   2.1606e-04   2.1606e-04   2.1606e-04
   5.9800e-03  -6.2581e-02  -2.8920e-01   2.2662e-04   2.2662e-04   2.2662e-04
   5.9900e-03  -3.1308e-02  -2.6759e-01   2.3628e-04   2.3628e-04   2.3628e-04
   6.0000e-03   8.7786e-05  -2.4493e-01   2.4502e-04   2.4502e-04   2.4502e-04
   6.0100e-03   3.1483e-02  -2.2130e-01   2.5279e-04   2.5279e-04   2.5279e-04
   6.0200e-03   6.2754e-02  -1.9680e-01   2.5955e-04   2.5955e-04   2.5955e-04
   6.0300e-03   9.3777e-02  -1.7152e-01   2.6530e-04   2.6530e-04   2.6530e-04
   6.0400e-03   1.2443e-01  -1.4557e-01   2.7000e-04   2.7000e-04   2.7000e-04
   6.0500e-03   1.5459e-01  -1.1904e-01   2.7363e-04   2.7363e-04   2.7363e-04
   6.0600e-03   1.8414e-01  -9.2037e-02   2.7618e-04   2.7618e-04   2.7618e-04
   6.0700e-03   2.1297e-01  -6.4674e-02   2.7765e-04   2.7765e-04   2.7765e-04
   6.0800e-03   2.4096e-01  -3.7056e-02   2.7801e-04   2.7801e-04   2.7801e-04
   6.0900e-03   2.6799e-01  -9.2916e-03   2.7728e-04   2.7728e-04   2.7728e-04
   6.1000e-03   2.9397e-01   1.8510e-02   2.7546e-04   2.7546e-04   2.7546e-04
   6.1100e-03   3.1878e-01   4.6238e-02   2.7254e-04   2.7254e-04   2.7254e-04
   6.1200e-03   3.4234e-01   7.3783e-02   2.6856e-04   2.6856e-04   2.6856e-04
   6.1300e-03   3.6455e-01   1.0104e-01   2.6351e-04   2.6351e-04   2.6351e-04
   6.1400e-03   3.8531e-01   1.2789e-01   2.5742e-04   2.5742e-04   2.5742e-04
   6.1500e-03   4.0456e-01   1.5424e-01   2.5032e-04   2.5032e-04   2.5032e-04
   6.1600e-03   4.2221e-01   1.7999e-01   2.4223e-04   2.4223e-04   2.4223e-04
   6.1700e-03   4.3820e-01   2.0502e-01   2.3318e-04   2.3318e-04   2.3318e-04
   6.1800e-03   4.5245e-01   2.2924e-01   2.2321e-04   2.2321e-04   2.2321e-04
   6.1900e-03   4.6492e-01   2.5256e-01   2.1236e-04   2.1236e-04   2.1236e-04
   6.2000e-03   4.7556e-01   2.7488e-01   2.0068e-04   2.0068e-04   2.0068e-04
   6.2100e-03   4.8431e-01   2.9612e-01   1.8820e-04   1.8820e-04   1.8820e-04
   6.2200e-03   4.9116e-01   3.1618e-01   1.7498e-04   1.7498e-04   1.7498e-04
   6.2300e-03   4.9607e-01   3.3500e-01   1.6107e-04   1.6107e-04   1.6107e-04
   6.2400e-03   4.9902e-01   3.5250e-01   1.4652e-04   1.4652e-04   1.4652e-04
   6.2500e-03   5.0000e-01   3.6861e-01   1.3139e-04   1.3139e-04   1.3139e-04
   6.2600e-03   4.9901e-01   3.8326e-01   1.1575e-04   1.1575e-04   1.1575e-04
   6.2700e-03   4.9605e-01   3.9640e-01   9.9647e-05   9.9647e-05   9.9647e-05
   6.2800e-03   4.9113e-01   4.0797e-01   8.3152e-05   8.3152e-05   8.3152e-05
   6.2900e-03   4.8427e-01   4.1794e-01   6.6330e-05   6.6330e-05   6.6330e-05
   6.3000e-03   4.7550e-01   4.2625e-01   4.9246e-05   4.9246e-05   4.9246e-05
   6.3100e-03   4.6485e-01   4.3289e-01   3.1967e-05   3.1967e-05   3.1967e-05
   6.3200e-03   4.5237e-01   4.3781e-01   1.4562e-05   1.4562e-05   1.4562e-05
   6.3300e-03   4.3811e-01   4.4101e-01  -2.9006e-06  -2.9006e-06  -2.9006e-06
   6.3400e-03   4.2211e-01   4.4246e-01  -2.0351e-05  -2.0351e-05  -2.0351e-05
   6.3500e-03   4.0445e-01   4.4217e-01  -3.7722e-05  -3.7722e-05  -3.7722e-05
   6.3600e-03   3.8520e-01   4.4014e-01  -5.4943e-05  -5.4943e-05  -5.4943e-05
   6.3700e-03   3.6442e-01   4.3637e-01  -7.1948e-05  -7.1948e-05  -7.1948e-05
   6.3800e-03   3.4220e-01   4.3087e-01  -8.8669e-05  -8.8669e-05  -8.8669e-05
   6.3900e-03   3.1864e-01   4.2368e-01  -1.0504e-04  -1.0504e-04  -1.0504e-04
   6.4000e-03   2.9382e-01   4.1481e-01  -1.2100e-04  -1.2100e-04  -1.2100e-04
   6.4100e-03   2.6783e-01   4.0431e-01  -1.3648e-04  -1.3648e-04  -1.3648e-04
   6.4200e-03   2.4079e-01   3.9221e-01  -1.5142e-04  -1.5142e-04  -1.5142e-04
   6.4300e-03   2.1280e-01   3.7856e-01  -1.6576e-04  -1.6576e-04  -1.6576e-04
   6.4400e-03   1.8397e-01   3.6342e-01  -1.7945e-04  -1.7945e-04  -1.7945e-04
   6.4500e-03   1.5442e-01   3.4684e-01  -1.9243e-04  -1.9243e-04  -1.9243e-04
   6.4600e-03   1.2425e-01   3.2890e-01  -2.0465e-04  -2.0465e-04  -2.0465e-04
   6.4700e-03   9.3594e-02   3.0965e-01  -2.1606e-04  -2.1606e-04  -2.1606e-04
   6.4800e-03   6.2569e-02   2.8919e-01  -2.2662e-04  -2.2662e-04  -2.2662e-04
   6.4900e-03   3.1296e-02   2.6758e-01  -2.3629e-04  -2.3629e-04  -2.3629e-04
   6.5000e-03  -9.9870e-05   2.4492e-01  -2.4502e-04  -2.4502e-04  -2.4502e-04
   6.5100e-03  -3.1495e-02   2.2129e-01  -2.5279e-04  -2.5279e-04  -2.5279e-04
   6.5200e-03  -6.2766e-02   1.9679e-01  -2.5956e-04  -2.5956e-04  -2.5956e-04
   6.5300e-03  -9.3789e-02   1.7151e-01  -2.6530e-04  -2.6530e-04  -2.6530e-04
   6.5400e-03  -1.2444e-01   1.4556e-01  -2.7000e-04  -2.7000e-04  -2.7000e-04
   6.5500e-03  -1.5460e-01   1.1903e-01  -2.7363e-04  -2.7363e-04  -2.7363e-04
   6.5600e-03  -1.8416e-01   9.2027e-02  -2.7618e-04  -2.7618e-04  -2.7618e-04
   6.5700e-03  -2.1298e-01   6.4664e-02  -2.7764e-04  -2.7764e-04  -2.7764e-04
   6.5800e-03  -2.4097e-01   3.7045e-02  -2.7801e-04  -2.7801e-04  -2.7801e-04
   6.5900e-03  -2.6800e-01   9.2810e-03  -2.7728e-04  -2.7728e-04  -2.7728e-04
   6.6000e-03  -2.9398e-01  -1.8520e-02  -2.7545e-04  -2.7545e-04  -2.7545e-04
   6.6100e-03  -3.1879e-01  -4.6248e-02  -2.7254e-04  -2.7254e-04  -2.7254e-04
   6.6200e-03  -3.4235e-01  -7.3794e-02  -2.6855e-04  -2.6855e-04  -2.6855e-04
   6.6300e-03  -3.6455e-01  -1.0105e-01  -2.6351e-04  -2.6351e-04  -2.6351e-04
   6.6400e-03  -3.8532e-01  -1.2790e-01  -2.5742e-04  -2.5742e-04  -2.5742e-04
   6.6500e-03  -4.0457e-01  -1.5425e-01  -2.5031e-04  -2.5031e-04  -2.5031e-04
   6.6600e-03  -4.2222e-01  -1.8000e-01  -2.4222e-04  -2.4222e-04  -2.4222e-04
   6.6700e-03  -4.3820e-01  -2.0503e-01  -2.3318e-04  -2.3318e-04  -2.3318e-04
   6.6800e-03  -4.5246e-01  -2.2925e-01  -2.2321e-04  -2.2321e-04  -2.2321e-04
   6.6900e-03  -4.6493e-01  -2.5257e-01  -2.1236e-04  -2.1236e-04  -2.1236e-04
   6.7000e-03  -4.7556e-01  -2.7489e-01  -2.0067e-04  -2.0067e-04  -2.0067e-04
   6.7100e-03  -4.8432e-01  -2.9612e-01  -1.8819e-04  -1.8819e-04  -1.8819e-04
   6.7200e-03  -4.9116e-01  -3.1619e-01  -1.7497e-04  -1.7497e-04  -1.7497e-04
   6.7300e-03  -4.9607e-01  -3.3501e-01  -1.6106e-04  -1.6106e-04  -1.6106e-04
   6.7400e-03  -4.9902e-01  -3.5251e-01  -1.4651e-04  -1.4651e-04  -1.4651e-04
   6.7500e-03  -5.0000e-01  -3.6861e-01  -1.3139e-04  -1.3139e-04  -1.3139e-04
   6.7600e-03  -4.9901e-01  -3.8326e-01  -1.1574e-04  -1.1574e-04  -1.1574e-04
   6.7700e-03  -4.9604e-01  -3.9640e-01  -9.9641e-05  -9.9641e-05  -9.9641e-05
   6.7800e-03  -4.9112e-01  -4.0798e-01  -8.3146e-05  -8.3146e-05  -8.3146e-05
   6.7900e-03  -4.8427e-01  -4.1794e-01  -6.6323e-05  -6.6323e-05  -6.6323e-05
   6.8000e-03  -4.7550e-01  -4.2626e-01  -4.9239e-05  -4.9239e-05  -4.9239e-05
   6.8100e-03  -4.6485e-01  -4.3289e-01  -3.1960e-05  -3.1960e-05  -3.1960e-05
   6.8200e-03  -4.5237e-01  -4.3781e-01  -1.4556e-05  -1.4556e-05  -1.4556e-05
   6.8300e-03  -4.3810e-01  -4.4101e-01   2.9073e-06   2.9073e-06   2.9073e-06
   6.8400e-03  -4.2211e-01  -4.4246e-01   2.0358e-05   2.0358e-05   2.0358e-05
   6.8500e-03  -4.0445e-01  -4.4217e-01   3.7728e-05   3.7728e-05   3.7728e-05
   6.8600e-03  -3.8519e-01  -4.4014e-01   5.4950e-05   5.4950e-05   5.4950e-05
   6.8700e-03  -3.6441e-01  -4.3636e-01   7.1954e-05   7.1954e-05   7.1954e-05
   6.8800e-03  -3.4219e-01  -4.3087e-01   8.8675e-05   8.8675e-05   8.8675e-05
   6.8900e-03  -3.1863e-01  -4.2367e-01   1.0505e-04   1.0505e-04   1.0505e-04
   6.9000e-03  -2.9381e-01  -4.1481e-01   1.2100e-04   1.2100e-04   1.2100e-04
   6.9100e-03  -2.6782e-01  -4.0430e-01   1.3648e-04   1.3648e-04   1.3648e-04
   6.9200e-03  -2.4078e-01  -3.9220e-01   1.5142e-04   1.5142e-04   1.5142e-04
   6.9300e-03  -2.1279e-01  -3.7855e-01   1.6576e-04   1.6576e-04   1.6576e-04
   6.9400e-03  -1.8396e-01  -3.6341e-01   1.7945e-04   1.7945e-04   1.7945e-04
   6.9500e-03  -1.5440e-01  -3.4684e-01   1.9243e-04   1.9243e-04   1.9243e-04
   6.9600e-03  -1.2424e-01  -3.2889e-01   2.0465e-04   2.0465e-04   2.0465e-04
   6.9700e-03  -9.3583e-02  -3.0965e-01   2.1606e-04   2.1606e-04   2.1606e-04
   6.9800e-03  -6.2557e-02  -2.8918e-01   2.2662e-04   2.2662e-04   2.2662e-04
   6.9900e-03  -3.1284e-02  -2.6758e-01   2.3629e-04   2.3629e-04   2.3629e-04
   7.0000e-03   1.1195e-04  -2.4491e-01   2.4503e-04   2.4503e-04   2.4503e-04
   7.0100e-03   3.1507e-02  -2.2128e-01   2.5279e-04   2.5279e-04   2.5279e-04
   7.0200e-03   6.2778e-02  -1.9678e-01   2.5956e-04   2.5956e-04   2.5956e-04
   7.0300e-03   9.3801e-02  -1.7150e-01   2.6530e-04   2.6530e-04   2.6530e-04
   7.0400e-03   1.2445e-01  -1.4555e-01   2.7000e-04   2.7000e-04   2.7000e-04
   7.0500e-03   1.5462e-01  -1.1902e-01   2.7363e-04   2.7363e-04   2.7363e-04
   7.0600e-03   1.8417e-01  -9.2016e-02   2.7618e-04   2.7618e-04   2.7618e-04
   7.0700e-03   2.1299e-01  -6.4653e-02   2.7764e-04   2.7764e-04   2.7764e-04
   7.0800e-03   2.4098e-01  -3.7035e-02   2.7801e-04   2.7801e-04   2.7801e-04
   7.0900e-03   2.6801e-01  -9.2703e-03   2.7728e-04   2.7728e-04   2.7728e-04
   7.1000e-03   2.9398e-01   1.8531e-02   2.7545e-04   2.7545e-04   2.7545e-04
   7.1100e-03   3.1880e-01   4.6259e-02   2.7254e-04   2.7254e-04   2.7254e-04
   7.1200e-03   3.4236e-01   7.3804e-02   2.6855e-04   2.6855e-04   2.6855e-04
   7.1300e-03   3.6456e-01   1.0106e-01   2.6350e-04   2.6350e-04   2.6350e-04
   7.1400e-03   3.8533e-01   1.2791e-01   2.5742e-04   2.5742e-04   2.5742e-04
   7.1500e-03   4.0458e-01   1.5426e-01   2.5031e-04   2.5031e-04   2.5031e-04
   7.1600e-03   4.2223e-01   1.8001e-01   2.4222e-04   2.4222e-04   2.4222e-04
   7.1700e-03   4.3821e-01   2.0504e-01   2.3317e-04   2.3317e-04   2.3317e-04
   7.1800e-03   4.5246e-01   2.2926e-01   2.2320e-04   2.2320e-04   2.2320e-04
   7.1900e-03   4.6493e-01   2.5258e-01   2.1235e-04   2.1235e-04   2.1235e-04
   7.2000e-03   4.7556e-01   2.7490e-01   2.0067e-04   2.0067e-04   2.0067e-04
   7.2100e-03   4.8432e-01   2.9613e-01   1.8819e-04   1.8819e-04   1.8819e-04
   7.2200e-03   4.9117e-01   3.1620e-01   1.7497e-04   1.7497e-04   1.7497e-04
   7.2300e-03   4.9607e-01   3.3502e-01   1.6105e-04   1.6105e-04   1.6105e-04
   7.2400e-03   4.9902e-01   3.5251e-01   1.4651e-04   1.4651e-04   1.4651e-04
   7.2500e-03   5.0000e-01   3.6862e-01   1.3138e-04   1.3138e-04   1.3138e-04
   7.2600e-03   4.9901e-01   3.8327e-01   1.1574e-04   1.1574e-04   1.1574e-04
   7.2700e-03   4.9604e-01   3.9641e-01   9.9634e-05   9.9634e-05   9.9634e-05
   7.2800e-03   4.9112e-01   4.0798e-01   8.3140e-05   8.3140e-05   8.3140e-05
   7.2900e-03   4.8426e-01   4.1795e-01   6.6317e-05   6.6317e-05   6.6317e-05
   7.3000e-03   4.7549e-01   4.2626e-01   4.9232e-05   4.9232e-05   4.9232e-05
   7.3100e-03   4.6484e-01   4.3289e-01   3.1954e-05   3.1954e-05   3.1954e-05
   7.3200e-03   4.5236e-01   4.3781e-01   1.4549e-05   1.4549e-05   1.4549e-05
   7.3300e-03   4.3810e-01   4.4101e-01  -2.9141e-06  -2.9141e-06  -2.9141e-06
   7.3400e-03   4.2210e-01   4.4246e-01  -2.0365e-05  -2.0365e-05  -2.0365e-05
   7.3500e-03   4.0444e-01   4.4217e-01  -3.7735e-05  -3.7735e-05  -3.7735e-05
   7.3600e-03   3.8518e-01   4.4014e-01  -5.4957e-05  -5.4957e-05  -5.4957e-05
   7.3700e-03   3.6440e-01   4.3636e-01  -7.1961e-05  -7.1961e-05  -7.1961e-05
   7.3800e-03   3.4219e-01   4.3087e-01  -8.8681e-05  -8.8681e-05  -8.8681e-05
   7.3900e-03   3.1862e-01   4.2367e-01  -1.0505e-04  -1.0505e-04  -1.0505e-04
   7.4000e-03   2.9380e-01   4.1480e-01  -1.2101e-04  -1.2101e-04  -1.2101e-04
   7.4100e-03   2.6781e-01   4.0430e-01  -1.3649e-04  -1.3649e-04  -1.3649e-04
   7.4200e-03   2.4077e-01   3.9220e-01  -1.5143e-04  -1.5143e-04  -1.5143e-04
   7.4300e-03   2.1278e-01   3.7855e-01  -1.6577e-04  -1.6577e-04  -1.6577e-04
   7.4400e-03   1.8395e-01   3.6341e-01  -1.7946e-04  -1.7946e-04  -1.7946e-04
   7.4500e-03   1.5439e-01   3.4683e-01  -1.9244e-04  -1.9244e-04  -1.9244e-04
   7.4600e-03   1.2423e-01   3.2888e-01  -2.0466e-04  -2.0466e-04  -2.0466e-04
   7.4700e-03   9.3571e-02   3.0964e-01  -2.1607e-04  -2.1607e-04  -2.1607e-04
   7.4800e-03   6.2545e-02   2.8917e-01  -2.2663e-04  -2.2663e-04  -2.2663e-04
   7.4900e-03   3.1273e-02   2.6757e-01  -2.3629e-04  -2.3629e-04  -2.3629e-04
   7.5000e-03  -1.2404e-04   2.4490e-01  -2.4503e-04  -2.4503e-04  -2.4503e-04
   7.5100e-03  -3.1519e-02   2.2127e-01  -2.5279e-04  -2.5279e-04  -2.5279e-04
   7.5200e-03  -6.2790e-02   1.9677e-01  -2.5956e-04  -2.5956e-04  -2.5956e-04
   7.5300e-03  -9.3813e-02   1.7149e-01  -2.6531e-04  -2.6531e-04  -2.6531e-04
   7.5400e-03  -1.2447e-01   1.4554e-01  -2.7000e-04  -2.7000e-04  -2.7000e-04
   7.5500e-03  -1.5463e-01   1.1901e-01  -2.7363e-04  -2.7363e-04  -2.7363e-04
   7.5600e-03  -1.8418e-01   9.2006e-02  -2.7618e-04  -2.7618e-04  -2.7618e-04
   7.5700e-03  -2.1300e-01   6.4643e-02  -2.7764e-04  -2.7764e-04  -2.7764e-04
   7.5800e-03  -2.4099e-01   3.7024e-02  -2.7801e-04  -2.7801e-04  -2.7801e-04
   7.5900e-03  -2.6802e-01   9.2597e-03  -2.7728e-04  -2.7728e-04  -2.7728e-04
   7.6000e-03  -2.9399e-01  -1.8541e-02  -2.7545e-04  -2.7545e-04  -2.7545e-04
   7.6100e-03  -3.1881e-01  -4.6269e-02  -2.7254e-04  -2.7254e-04  -2.7254e-04
   7.6200e-03  -3.4237e-01  -7.3815e-02  -2.6855e-04  -2.6855e-04  -2.6855e-04
   7.6300e-03  -3.6457e-01  -1.0107e-01  -2.6350e-04  -2.6350e-04  -2.6350e-04
   7.6400e-03  -3.8534e-01  -1.2792e-01  -2.5741e-04  -2.5741e-04  -2.5741e-04
   7.6500e-03  -4.0458e-01  -1.5427e-01  -2.5031e-04  -2.5031e-04  -2.5031e-04
   7.6600e-03  -4.2223e-01  -1.8002e-01  -2.4222e-04  -2.4222e-04  -2.4222e-04
   7.6700e-03  -4.3822e-01  -2.0505e-01  -2.3317e-04  -2.3317e-04  -2.3317e-04
   7.6800e-03  -4.5247e-01  -2.2927e-01  -2.2320e-04  -2.2320e-04  -2.2320e-04
   7.6900e-03  -4.6494e-01  -2.5258e-01  -2.1235e-04  -2.1235e-04  -2.1235e-04
   7.7000e-03  -4.7557e-01  -2.7490e-01  -2.0066e-04  -2.0066e-04  -2.0066e-04
   7.7100e-03  -4.8432e-01  -2.9614e-01  -1.8818e-04  -1.8818e-04  -1.8818e-04
   7.7200e-03  -4.9117e-01  -3.1621e-01  -1.7496e-04  -1.7496e-04  -1.7496e-04
   7.7300e-03  -4.9607e-01  -3.3502e-01  -1.6105e-04  -1.6105e-04  -1.6105e-04
   7.7400e-03  -4.9902e-01  -3.5252e-01  -1.4650e-04  -1.4650e-04  -1.4650e-04
   7.7500e-03  -5.0000e-01  -3.6863e-01  -1.3137e-04  -1.3137e-04  -1.3137e-04
   7.7600e-03  -4.9901e-01  -3.8328e-01  -1.1573e-04  -1.1573e-04  -1.1573e-04
   7.7700e-03  -4.9604e-01  -3.9641e-01  -9.9628e-05  -9.9628e-05  -9.9628e-05
   7.7800e-03  -4.9112e-01  -4.0799e-01  -8.3133e-05  -8.3133e-05  -8.3133e-05
   7.7900e-03  -4.8426e-01  -4.1795e-01  -6.6310e-05  -6.6310e-05  -6.6310e-05
   7.8000e-03  -4.7549e-01  -4.2626e-01  -4.9226e-05  -4.9226e-05  -4.9226e-05
   7.8100e-03  -4.6484e-01  -4.3289e-01  -3.1947e-05  -3.1947e-05  -3.1947e-05
   7.8200e-03  -4.5236e-01  -4.3782e-01  -1.4542e-05  -1.4542e-05  -1.4542e-05
   7.8300e-03  -4.3809e-01  -4.4101e-01   2.9189e-06   2.9189e-06   2.9189e-06
   7.8400e-03  -4.2210e-01  -4.4246e-01   2.0368e-05   2.0368e-05   2.0368e-05
   7.8500e-03  -4.0443e-01  -4.4217e-01   3.7739e-05   3.7739e-05   3.7739e-05
   7.8600e-03  -3.8518e-01  -4.4014e-01   5.4959e-05   5.4959e-05   5.4959e-05
   7.8700e-03  -3.6440e-01  -4.3636e-01   7.1962e-05   7.1962e-05   7.1962e-05
   7.8800e-03  -3.4218e-01  -4.3087e-01   8.8682e-05   8.8682e-05   8.8682e-05
   7.8900e-03  -3.1862e-01  -4.2367e-01   1.0505e-04   1.0505e-04   1.0505e-04
   7.9000e-03  -2.9380e-01  -4.1480e-01   1.2101e-04   1.2101e-04   1.2101e-04
   7.9100e-03  -2.6781e-01  -4.0430e-01   1.3648e-04   1.3648e-04   1.3648e-04
   7.9200e-03  -2.4077e-01  -3.9220e-01   1.5142e-04   1.5142e-04   1.5142e-04
   7.9300e-03  -2.1278e-01  -3.7855e-01   1.6576e-04   1.6576e-04   1.6576e-04
   7.9400e-03  -1.8396e-01  -3.6341e-01   1.7945e-04   1.7945e-04   1.7945e-04
   7.9500e-03  -1.5440e-01  -3.4683e-01   1.9243e-04   1.9243e-04   1.9243e-04
   7.9600e-03  -1.2424e-01  -3.2888e-01   2.0465e-04   2.0465e-04   2.0465e-04
   7.9700e-03  -9.3581e-02  -3.0964e-01   2.1606e-04   2.1606e-04   2.1606e-04
   7.9800e-03  -6.2558e-02  -2.8918e-01   2.2662e-04   2.2662e-04   2.2662e-04
   7.9900e-03  -3.1286e-02  -2.6757e-01   2.3628e-04   2.3628e-04   2.3628e-04
   8.0000e-03   1.0751e-04  -2.4491e-01   2.4502e-04   2.4502e-04   2.4502e-04
   8.0100e-03   3.1501e-02  -2.2128e-01   2.5278e-04   2.5278e-04   2.5278e-04
   8.0200e-03   6.2771e-02  -1.9678e-01   2.5955e-04   2.5955e-04   2.5955e-04
   8.0300e-03   9.3793e-02  -1.7150e-01   2.6529e-04   2.6529e-04   2.6529e-04
   8.0400e-03   1.2444e-01  -1.4555e-01   2.6999e-04   2.6999e-04   2.6999e-04
   8.0500e-03   1.5461e-01  -1.1902e-01   2.7362e-04   2.7362e-04   2.7362e-04
   8.0600e-03   1.8416e-01  -9.2017e-02   2.7617e-04   2.7617e-04   2.7617e-04
   8.0700e-03   2.1298e-01  -6.4655e-02   2.7763e-04   2.7763e-04   2.7763e-04
   8.0800e-03   2.4096e-01  -3.7038e-02   2.7800e-04   2.7800e-04   2.7800e-04
   8.0900e-03   2.6799e-01  -9.2745e-03   2.7727e-04   2.7727e-04   2.7727e-04
   8.1000e-03   2.9397e-01   1.8526e-02   2.7544e-04   2.7544e-04   2.7544e-04
   8.1100e-03   3.1878e-01   4.6252e-02   2.7253e-04   2.7253e-04   2.7253e-04
   8.1200e-03   3.4234e-01   7.3797e-02   2.6854e-04   2.6854e-04   2.6854e-04
   8.1300e-03   3.6455e-01   1.0105e-01   2.6350e-04   2.6350e-04   2.6350e-04
   8.1400e-03   3.8531e-01   1.2790e-01   2.5741e-04   2.5741e-04   2.5741e-04
   8.1500e-03   4.0456e-01   1.5425e-01   2.5031e-04   2.5031e-04   2.5031e-04
   8.1600e-03   4.2221e-01   1.8000e-01   2.4222e-04   2.4222e-04   2.4222e-04
   8.1700e-03   4.3820e-01   2.0503e-01   2.3317e-04   2.3317e-04   2.3317e-04
   8.1800e-03   4.5245e-01   2.2925e-01   2.2320e-04   2.2320e-04   2.2320e-04
   8.1900e-03   4.6492e-01   2.5256e-01   2.1236e-04   2.1236e-04   2.1236e-04
   8.2000e-03   4.7555e-01   2.7488e-01   2.0067e-04   2.0067e-04   2.0067e-04
   8.2100e-03   4.8431e-01   2.9612e-01   1.8819e-04   1.8819e-04   1.8819e-04
   8.2200e-03   4.9116e-01   3.1619e-01   1.7497e-04   1.7497e-04   1.7497e-04
   8.2300e-03   4.9607e-01   3.3501e-01   1.6106e-04   1.6106e-04   1.6106e-04
   8.2400e-03   4.9902e-01   3.5250e-01   1.4651e-04   1.4651e-04   1.4651e-04
   8.2500e-03   5.0000e-01   3.6861e-01   1.3139e-04   1.3139e-04   1.3139e-04
   8.2600e-03   4.9901e-01   3.8326e-01   1.1575e-04   1.1575e-04   1.1575e-04
   8.2700e-03   4.9605e-01   3.9640e-01   9.9648e-05   9.9648e-05   9.9648e-05
   8.2800e-03   4.9113e-01   4.0797e-01   8.3155e-05   8.3155e-05   8.3155e-05
   8.2900e-03   4.8427e-01   4.1794e-01   6.6334e-05   6.6334e-05   6.6334e-05
   8.3000e-03   4.7551e-01   4.2626e-01   4.9251e-05   4.9251e-05   4.9251e-05
   8.3100e-03   4.6486e-01   4.3289e-01   3.1974e-05   3.1974e-05   3.1974e-05
   8.3200e-03   4.5238e-01   4.3781e-01   1.4571e-05   1.4571e-05   1.4571e-05
   8.3300e-03   4.3812e-01   4.4101e-01  -2.8904e-06  -2.8904e-06  -2.8904e-06
   8.3400e-03   4.2213e-01   4.4247e-01  -2.0340e-05  -2.0340e-05  -2.0340e-05
   8.3500e-03   4.0447e-01   4.4218e-01  -3.7708e-05  -3.7708e-05  -3.7708e-05
   8.3600e-03   3.8522e-01   4.4015e-01  -5.4929e-05  -5.4929e-05  -5.4929e-05
   8.3700e-03   3.6444e-01   4.3637e-01  -7.1933e-05  -7.1933e-05  -7.1933e-05
   8.3800e-03   3.4223e-01   4.3088e-01  -8.8652e-05  -8.8652e-05  -8.8652e-05
   8.3900e-03   3.1867e-01   4.2369e-01  -1.0502e-04  -1.0502e-04  -1.0502e-04
   8.4000e-03   2.9385e-01   4.1482e-01  -1.2098e-04  -1.2098e-04  -1.2098e-04
   8.4100e-03   2.6787e-01   4.0432e-01  -1.3646e-04  -1.3646e-04  -1.3646e-04
   8.4200e-03   2.4083e-01   3.9222e-01  -1.5140e-04  -1.5140e-04  -1.5140e-04
   8.4300e-03   2.1284e-01   3.7858e-01  -1.6574e-04  -1.6574e-04  -1.6574e-04
   8.4400e-03   1.8401e-01   3.6344e-01  -1.7942e-04  -1.7942e-04  -1.7942e-04
   8.4500e-03   1.5446e-01   3.4686e-01  -1.9241e-04  -1.9241e-04  -1.9241e-04
   8.4600e-03   1.2430e-01   3.2892e-01  -2.0463e-04  -2.0463e-04  -2.0463e-04
   8.4700e-03   9.3641e-02   3.0968e-01  -2.1604e-04  -2.1604e-04  -2.1604e-04
   8.4800e-03   6.2618e-02   2.8922e-01  -2.2660e-04  -2.2660e-04  -2.2660e-04
   8.4900e-03   3.1348e-02   2.6761e-01  -2.3627e-04  -2.3627e-04  -2.3627e-04
   8.5000e-03  -4.7116e-05   2.4495e-01  -2.4500e-04  -2.4500e-04  -2.4500e-04
   8.5100e-03  -3.1440e-02   2.2133e-01  -2.5277e-04  -2.5277e-04  -2.5277e-04
   8.5200e-03  -6.2710e-02   1.9683e-01  -2.5954e-04  -2.5954e-04  -2.5954e-04
   8.5300e-03  -9.3733e-02   1.7155e-01  -2.6528e-04  -2.6528e-04  -2.6528e-04
   8.5400e-03  -1.2439e-01   1.4560e-01  -2.6998e-04  -2.6998e-04  -2.6998e-04
   8.5500e-03  -1.5455e-01   1.1907e-01  -2.7361e-04  -2.7361e-04  -2.7361e-04
   8.5600e-03  -1.8410e-01   9.2070e-02  -2.7617e-04  -2.7617e-04  -2.7617e-04
   8.5700e-03  -2.1292e-01   6.4709e-02  -2.7763e-04  -2.7763e-04  -2.7763e-04
   8.5800e-03  -2.4091e-01   3.7092e-02  -2.7800e-04  -2.7800e-04  -2.7800e-04
   8.5900e-03  -2.6794e-01   9.3288e-03  -2.7727e-04  -2.7727e-04  -2.7727e-04
   8.6000e-03  -2.9392e-01  -1.8471e-02  -2.7545e-04  -2.7545e-04  -2.7545e-04
   8.6100e-03  -3.1874e-01  -4.6198e-02  -2.7254e-04  -2.7254e-04  -2.7254e-04
   8.6200e-03  -3.4230e-01  -7.3743e-02  -2.6855e-04  -2.6855e-04  -2.6855e-04
   8.6300e-03  -3.6450e-01  -1.0100e-01  -2.6351e-04  -2.6351e-04  -2.6351e-04
   8.6400e-03  -3.8528e-01  -1.2785e-01  -2.5742e-04  -2.5742e-04  -2.5742e-04
   8.6500e-03  -4.0453e-01  -1.5420e-01  -2.5032e-04  -2.5032e-04  -2.5032e-04
   8.6600e-03  -4.2218e-01  -1.7995e-01  -2.4223e-04  -2.4223e-04  -2.4223e-04
   8.6700e-03  -4.3817e-01  -2.0498e-01  -2.3319e-04  -2.3319e-04  -2.3319e-04
   8.6800e-03  -4.5242e-01  -2.2920e-01  -2.2322e-04  -2.2322e-04  -2.2322e-04
   8.6900e-03  -4.6490e-01  -2.5252e-01  -2.1238e-04  -2.1238e-04  -2.1238e-04
   8.7000e-03  -4.7554e-01  -2.7484e-01  -2.0069e-04  -2.0069e-04  -2.0069e-04
   8.7100e-03  -4.8430e-01  -2.9608e-01  -1.8822e-04  -1.8822e-04  -1.8822e-04
   8.7200e-03  -4.9115e-01  -3.1615e-01  -1.7500e-04  -1.7500e-04  -1.7500e-04
   8.7300e-03  -4.9606e-01  -3.3497e-01  -1.6109e-04  -1.6109e-04  -1.6109e-04
   8.7400e-03  -4.9901e-01  -3.5247e-01  -1.4654e-04  -1.4654e-04  -1.4654e-04
   8.7500e-03  -5.0000e-01  -3.6858e-01  -1.3142e-04  -1.3142e-04  -1.3142e-04
   8.7600e-03  -4.9901e-01  -3.8323e-01  -1.1578e-04  -1.1578e-04  -1.1578e-04
   8.7700e-03  -4.9606e-01  -3.9638e-01  -9.9680e-05  -9.9680e-05  -9.9680e-05
   8.7800e-03  -4.9114e-01  -4.0795e-01  -8.3188e-05  -8.3188e-05  -8.3188e-05
   8.7900e-03  -4.8429e-01  -4.1792e-01  -6.6367e-05  -6.6367e-05  -6.6367e-05
   8.8000e-03  -4.7553e-01  -4.2624e-01  -4.9285e-05  -4.9285e-05  -4.9285e-05
   8.8100e-03  -4.6488e-01  -4.3288e-01  -3.2008e-05  -3.2008e-05  -3.2008e-05
   8.8200e-03  -4.5241e-01  -4.3781e-01  -1.4605e-05  -1.4605e-05  -1.4605e-05
   8.8300e-03  -4.3815e-01  -4.4101e-01   2.8558e-06   2.8558e-06   2.8558e-06
   8.8400e-03  -4.2216e-01  -4.4247e-01   2.0306e-05   2.0306e-05   2.0306e-05
   8.8500e-03  -4.0451e-01  -4.4218e-01   3.7675e-05   3.7675e-05   3.7675e-05
   8.8600e-03  -3.8526e-01  -4.4015e-01   5.4895e-05   5.4895e-05   5.4895e-05
   8.8700e-03  -3.6448e-01  -4.3638e-01   7.1900e-05   7.1900e-05   7.1900e-05
   8.8800e-03  -3.4227e-01  -4.3089e-01   8.8620e-05   8.8620e-05   8.8620e-05
   8.8900e-03  -3.1871e-01  -4.2370e-01   1.0499e-04   1.0499e-04   1.0499e-04
   8.9000e-03  -2.9389e-01  -4.1484e-01   1.2095e-04   1.2095e-04   1.2095e-04
   8.9100e-03  -2.6792e-01  -4.0434e-01   1.3643e-04   1.3643e-04   1.3643e-04
   8.9200e-03  -2.4088e-01  -3.9225e-01   1.5137e-04   1.5137e-04   1.5137e-04
   8.9300e-03  -2.1289e-01  -3.7861e-01   1.6571e-04   1.6571e-04   1.6571e-04
   8.9400e-03  -1.8407e-01  -3.6347e-01   1.7940e-04   1.7940e-04   1.7940e-04
   8.9500e-03  -1.5452e-01  -3.4690e-01   1.9238e-04   1.9238e-04   1.9238e-04
   8.9600e-03  -1.2435e-01  -3.2896e-01   2.0460e-04   2.0460e-04   2.0460e-04
   8.9700e-03  -9.3702e-02  -3.0972e-01   2.1602e-04   2.1602e-04   2.1602e-04
   8.9800e-03  -6.2678e-02  -2.8926e-01   2.2658e-04   2.2658e-04   2.2658e-04
   8.9900e-03  -3.1409e-02  -2.6766e-01   2.3625e-04   2.3625e-04   2.3625e-04
   9.0000e-03  -1.5187e-05  -2.4500e-01   2.4498e-04   2.4498e-04   2.4498e-04
   9.0100e-03   3.1380e-02  -2.2137e-01   2.5275e-04   2.5275e-04   2.5275e-04
   9.0200e-03   6.2650e-02  -1.9688e-01   2.5953e-04   2.5953e-04   2.5953e-04
   9.0300e-03   9.3672e-02  -1.7160e-01   2.6527e-04   2.6527e-04   2.6527e-04
   9.0400e-03   1.2433e-01  -1.4565e-01   2.6997e-04   2.6997e-04   2.6997e-04
   9.0500e-03   1.5449e-01  -1.1912e-01   2.7361e-04   2.7361e-04   2.7361e-04
   9.0600e-03   1.8404e-01  -9.2123e-02   2.7616e-04   2.7616e-04   2.7616e-04
   9.0700e-03   2.1287e-01  -6.4762e-02   2.7763e-04   2.7763e-04   2.7763e-04
   9.0800e-03   2.4086e-01  -3.7146e-02   2.7800e-04   2.7800e-04   2.7800e-04
   9.0900e-03   2.6789e-01  -9.3828e-03   2.7727e-04   2.7727e-04   2.7727e-04
   9.1000e-03   2.9387e-01   1.8417e-02   2.7545e-04   2.7545e-04   2.7545e-04
   9.1100e-03   3.1869e-01   4.6145e-02   2.7255e-04   2.7255e-04   2.7255e-04
   9.1200e-03   3.4225e-01   7.3690e-02   2.6856e-04   2.6856e-04   2.6856e-04
   9.1300e-03   3.6446e-01   1.0094e-01   2.6352e-04   2.6352e-04   2.6352e-04
   9.1400e-03   3.8524e-01   1.2780e-01   2.5744e-04   2.5744e-04   2.5744e-04
   9.1500e-03   4.0449e-01   1.5415e-01   2.5034e-04   2.5034e-04   2.5034e-04
   9.1600e-03   4.2215e-01   1.7990e-01   2.4225e-04   2.4225e-04   2.4225e-04
   9.1700e-03   4.3814e-01   2.0493e-01   2.3321e-04   2.3321e-04   2.3321e-04
   9.1800e-03   4.5240e-01   2.2915e-01   2.2324e-04   2.2324e-04   2.2324e-04
   9.1900e-03   4.6487e-01   2.5248e-01   2.1240e-04   2.1240e-04   2.1240e-04
   9.2000e-03   4.7552e-01   2.7480e-01   2.0072e-04   2.0072e-04   2.0072e-04
   9.2100e-03   4.8428e-01   2.9604e-01   1.8824e-04   1.8824e-04   1.8824e-04
   9.2200e-03   4.9114e-01   3.1611e-01   1.7502e-04   1.7502e-04   1.7502e-04
   9.2300e-03   4.9605e-01   3.3494e-01   1.6112e-04   1.6112e-04   1.6112e-04
   9.2400e-03   4.9901e-01   3.5244e-01   1.4657e-04   1.4657e-04   1.4657e-04
   9.2500e-03   5.0000e-01   3.6855e-01   1.3145e-04   1.3145e-04   1.3145e-04
   9.2600e-03   4.9902e-01   3.8321e-01   1.1581e-04   1.1581e-04   1.1581e-04
   9.2700e-03   4.9606e-01   3.9635e-01   9.9711e-05   9.9711e-05   9.9711e-05
   9.2800e-03   4.9115e-01   4.0793e-01   8.3220e-05   8.3220e-05   8.3220e-05
   9.2900e-03   4.8430e-01   4.1790e-01   6.6400e-05   6.6400e-05   6.6400e-05
   9.3000e-03   4.7554e-01   4.2623e-01   4.9318e-05   4.9318e-05   4.9318e-05
   9.3100e-03   4.6491e-01   4.3287e-01   3.2042e-05   3.2042e-05   3.2042e-05
   9.3200e-03   4.5244e-01   4.3780e-01   1.4639e-05   1.4639e-05   1.4639e-05
   9.3300e-03   4.3818e-01   4.4100e-01  -2.8222e-06  -2.8222e-06  -2.8222e-06
   9.3400e-03   4.2219e-01   4.4247e-01  -2.0272e-05  -2.0272e-05  -2.0272e-05
   9.3500e-03   4.0454e-01   4.4218e-01  -3.7642e-05  -3.7642e-05  -3.7642e-05
   9.3600e-03   3.8529e-01   4.4016e-01  -5.4863e-05  -5.4863e-05  -5.4863e-05
   9.3700e-03   3.6453e-01   4.3639e-01  -7.1867e-05  -7.1867e-05  -7.1867e-05
   9.3800e-03   3.4232e-01   4.3091e-01  -8.8588e-05  -8.8588e-05  -8.8588e-05
   9.3900e-03   3.1876e-01   4.2372e-01  -1.0496e-04  -1.0496e-04  -1.0496e-04
   9.4000e-03   2.9394e-01   4.1486e-01  -1.2092e-04  -1.2092e-04  -1.2092e-04
   9.4100e-03   2.6797e-01   4.0436e-01  -1.3640e-04  -1.3640e-04  -1.3640e-04
   9.4200e-03   2.4093e-01   3.9227e-01  -1.5134e-04  -1.5134e-04  -1.5134e-04
   9.4300e-03   2.1295e-01   3.7863e-01  -1.6568e-04  -1.6568e-04  -1.6568e-04
   9.4400e-03   1.8413e-01   3.6350e-01  -1.7937e-04  -1.7937e-04  -1.7937e-04
   9.4500e-03   1.5458e-01   3.4693e-01  -1.9236e-04  -1.9236e-04  -1.9236e-04
   9.4600e-03   1.2441e-01   3.2899e-01  -2.0458e-04  -2.0458e-04  -2.0458e-04
   9.4700e-03   9.3761e-02   3.0976e-01  -2.1600e-04  -2.1600e-04  -2.1600e-04
   9.4800e-03   6.2740e-02   2.8930e-01  -2.2656e-04  -2.2656e-04  -2.2656e-04
   9.4900e-03   3.1471e-02   2.6770e-01  -2.3623e-04  -2.3623e-04  -2.3623e-04
   9.5000e-03   7.5583e-05   2.4504e-01  -2.4497e-04  -2.4497e-04  -2.4497e-04
   9.5100e-03  -3.1318e-02   2.2142e-01  -2.5274e-04  -2.5274e-04  -2.5274e-04
   9.5200e-03  -6.2590e-02   1.9692e-01  -2.5951e-04  -2.5951e-04  -2.5951e-04
   9.5300e-03  -9.3613e-02   1.7165e-01  -2.6526e-04  -2.6526e-04  -2.6526e-04
   9.5400e-03  -1.2427e-01   1.4570e-01  -2.6997e-04  -2.6997e-04  -2.6997e-04
   9.5500e-03  -1.5443e-01   1.1917e-01  -2.7360e-04  -2.7360e-04  -2.7360e-04
   9.5600e-03  -1.8398e-01   9.2176e-02  -2.7616e-04  -2.7616e-04  -2.7616e-04
   9.5700e-03  -2.1281e-01   6.4816e-02  -2.7763e-04  -2.7763e-04  -2.7763e-04
   9.5800e-03  -2.4080e-01   3.7200e-02  -2.7800e-04  -2.7800e-04  -2.7800e-04
   9.5900e-03  -2.6784e-01   9.4370e-03  -2.7728e-04  -2.7728e-04  -2.7728e-04
   9.6000e-03  -2.9382e-01  -1.8363e-02  -2.7546e-04  -2.7546e-04  -2.7546e-04
   9.6100e-03  -3.1864e-01  -4.6091e-02  -2.7255e-04  -2.7255e-04  -2.7255e-04
   9.6200e-03  -3.4221e-01  -7.3637e-02  -2.6857e-04  -2.6857e-04  -2.6857e-04
   9.6300e-03  -3.6442e-01  -1.0089e-01  -2.6353e-04  -2.6353e-04  -2.6353e-04
   9.6400e-03  -3.8520e-01  -1.2775e-01  -2.5745e-04  -2.5745e-04  -2.5745e-04
   9.6500e-03  -4.0445e-01  -1.5410e-01  -2.5035e-04  -2.5035e-04  -2.5035e-04
   9.6600e-03  -4.2211e-01  -1.7985e-01  -2.4227e-04  -2.4227e-04  -2.4227e-04
   9.6700e-03  -4.3811e-01  -2.0488e-01  -2.3323e-04  -2.3323e-04  -2.3323e-04
   9.6800e-03  -4.5237e-01  -2.2911e-01  -2.2326e-04  -2.2326e-04  -2.2326e-04
   9.6900e-03  -4.6485e-01  -2.5243e-01  -2.1242e-04  -2.1242e-04  -2.1242e-04
   9.7000e-03  -4.7550e-01  -2.7476e-01  -2.0074e-04  -2.0074e-04  -2.0074e-04
   9.7100e-03  -4.8427e-01  -2.9600e-01  -1.8827e-04  -1.8827e-04  -1.8827e-04
   9.7200e-03  -4.9112e-01  -3.1607e-01  -1.7505e-04  -1.7505e-04  -1.7505e-04
   9.7300e-03  -4.9604e-01  -3.3490e-01  -1.6114e-04  -1.6114e-04  -1.6114e-04
   9.7400e-03  -4.9901e-01  -3.5241e-01  -1.4660e-04  -1.4660e-04  -1.4660e-04
   9.7500e-03  -5.0000e-01  -3.6852e-01  -1.3148e-04  -1.3148e-04  -1.3148e-04
   9.7600e-03  -4.9902e-01  -3.8318e-01  -1.1584e-04  -1.1584e-04  -1.1584e-04
   9.7700e-03  -4.9607e-01  -3.9633e-01  -9.9743e-05  -9.9743e-05  -9.9743e-05
   9.7800e-03  -4.9116e-01  -4.0791e-01  -8.3252e-05  -8.3252e-05  -8.3252e-05
   9.7900e-03  -4.8432e-01  -4.1789e-01  -6.6433e-05  -6.6433e-05  -6.6433e-05
   9.8000e-03  -4.7556e-01  -4.2621e-01  -4.9352e-05  -4.9352e-05  -4.9352e-05
   9.8100e-03  -4.6493e-01  -4.3285e-01  -3.2075e-05  -3.2075e-05  -3.2075e-05
   9.8200e-03  -4.5246e-01  -4.3779e-01  -1.4673e-05  -1.4673e-05  -1.4673e-05
   9.8300e-03  -4.3821e-01  -4.4100e-01   2.7877e-06   2.7877e-06   2.7877e-06
   9.8400e-03  -4.2223e-01  -4.4246e-01   2.0238e-05   2.0238e-05   2.0238e-05
   9.8500e-03  -4.0458e-01  -4.4219e-01   3.7607e-05   3.7607e-05   3.7607e-05
   9.8600e-03  -3.8533e-01  -4.4016e-01   5.4830e-05   5.4830e-05   5.4830e-05
   9.8700e-03  -3.6457e-01  -4.3640e-01   7.1834e-05   7.1834e-05   7.1834e-05
   9.8800e-03  -3.4236e-01  -4.3092e-01   8.8555e-05   8.8555e-05   8.8555e-05
   9.8900e-03  -3.1881e-01  -4.2373e-01   1.0493e-04   1.0493e-04   1.0493e-04
   9.9000e-03  -2.9399e-01  -4.1488e-01   1.2089e-04   1.2089e-04   1.2089e-04
   9.9100e-03  -2.6802e-01  -4.0439e-01   1.3637e-04   1.3637e-04   1.3637e-04
   9.9200e-03  -2.4099e-01  -3.9230e-01   1.5131e-04   1.5131e-04   1.5131e-04
   9.9300e-03  -2.1301e-01  -3.7866e-01   1.6566e-04   1.6566e-04   1.6566e-04
   9.9400e-03  -1.8418e-01  -3.6353e-01   1.7935e-04   1.7935e-04   1.7935e-04
   9.9500e-03  -1.5463e-01  -3.4696e-01   1.9233e-04   1.9233e-04   1.9233e-04
   9.9600e-03  -1.2447e-01  -3.2903e-01   2.0456e-04   2.0456e-04   2.0456e-04
   9.9700e-03  -9.3822e-02  -3.0980e-01   2.1597e-04   2.1597e-04   2.1597e-04
   9.9800e-03  -6.2800e-02  -2.8934e-01   2.2654e-04   2.2654e-04   2.2654e-04
   9.9900e-03  -3.1531e-02  -2.6774e-01   2.3621e-04   2.3621e-04   2.3621e-04
   1.0000e-02  -1.3789e-04  -2.4509e-01   2.4495e-04   2.4495e-04   2.4495e-04
