            0            0            0            0            0            0
   1.0000e-05   3.1395e+01            0   3.1395e-02   3.1395e-02            0
   2.0000e-05   6.2667e+01            0   6.2667e-02   6.2667e-02            0
   3.0000e-05   9.6830e+01   3.1395e+00   9.3691e-02   9.3691e-02            0
   4.0000e-05   1.3375e+02   9.4062e+00   1.2434e-01   1.2434e-01            0
   5.0000e-05   1.7328e+02   1.8775e+01   1.5451e-01   1.5451e-01            0
   6.0000e-05   2.1527e+02   3.1210e+01   1.8406e-01   1.8406e-01            0
   7.0000e-05   2.5955e+02   4.6661e+01   2.1289e-01   2.1289e-01            0
   8.0000e-05   3.0594e+02   6.5067e+01   2.4088e-01   2.4088e-01            0
   9.0000e-05   3.5427e+02   8.6356e+01   2.6791e-01   2.6791e-01            0
   1.0000e-04   4.0434e+02   1.1044e+02   2.9389e-01   2.9389e-01            0
   1.1000e-04   4.5595e+02   1.3723e+02   3.1871e-01   3.1871e-01            0
   1.2000e-04   5.0890e+02   1.6662e+02   3.4227e-01   3.4227e-01            0
   1.3000e-04   5.6298e+02   1.9850e+02   3.6448e-01   3.6448e-01            0
   1.4000e-04   6.1798e+02   2.3272e+02   3.8526e-01   3.8526e-01            0
   1.5000e-04   6.7368e+02   2.6917e+02   4.0451e-01   4.0451e-01            0
   1.6000e-04   7.2986e+02   3.0770e+02   4.2216e-01   4.2216e-01            0
   1.7000e-04   7.8630e+02   3.4815e+02   4.3815e-01   4.3815e-01            0
   1.8000e-04   8.4278e+02   3.9036e+02   4.5241e-01   4.5241e-01            0
   1.9000e-04   8.9907e+02   4.3418e+02   4.6489e-01   4.6489e-01            0
   2.0000e-04   9.5495e+02   4.7942e+02   4.7553e-01   4.7553e-01            0
   2.1000e-04   1.0102e+03   5.2591e+02   4.8429e-01   4.8429e-01            0
   2.2000e-04   1.0646e+03   5.7346e+02   4.9114e-01   4.9114e-01            0
   2.3000e-04   1.1179e+03   6.2189e+02   4.9606e-01   4.9606e-01            0
   2.4000e-04   1.1700e+03   6.7101e+02   4.9901e-01   4.9901e-01            0
   2.5000e-04   1.2206e+03   7.2061e+02   5.0000e-01   5.0000e-01            0
   2.6000e-04   1.2695e+03   7.7051e+02   4.9901e-01   4.9901e-01            0
   2.7000e-04   1.3166e+03   8.2051e+02   4.9606e-01   4.9606e-01            0
   2.8000e-04   1.3616e+03   8.7041e+02   4.9114e-01   4.9114e-01            0
   2.9000e-04   1.4043e+03   9.2002e+02   4.8429e-01   4.8429e-01            0
   3.0000e-04   1.4447e+03   9.6913e+02   4.7553e-01   4.7553e-01            0
   3.1000e-04   1.4825e+03   1.0176e+03   4.6489e-01   4.6489e-01            0
   3.2000e-04   1.5175e+03   1.0651e+03   4.5241e-01   4.5241e-01            0
   3.3000e-04   1.5498e+03   1.1116e+03   4.3815e-01   4.3815e-01            0
   3.4000e-04   1.5790e+03   1.1568e+03   4.2216e-01   4.2216e-01            0
   3.5000e-04   1.6052e+03   1.2007e+03   4.0451e-01   4.0451e-01            0
   3.6000e-04   1.6281e+03   1.2429e+03   3.8526e-01   3.8526e-01            0
   3.7000e-04   1.6478e+03   1.2833e+03   3.6448e-01   3.6448e-01            0
   3.8000e-04   1.6641e+03   1.3219e+03   3.4227e-01   3.4227e-01            0
   3.9000e-04   1.6770e+03   1.3583e+03   3.1871e-01   3.1871e-01            0
   4.0000e-04   1.6864e+03   1.3925e+03   2.9389e-01   2.9389e-01            0
   4.1000e-04   1.6923e+03   1.4244e+03   2.6791e-01   2.6791e-01            0
   4.2000e-04   1.6947e+03   1.4538e+03   2.4088e-01   2.4088e-01            0
   4.3000e-04   1.6935e+03   1.4806e+03   2.1289e-01   2.1289e-01            0
   4.4000e-04   1.6887e+03   1.5047e+03   1.8406e-01   1.8406e-01            0
   4.5000e-04   1.6805e+03   1.5260e+03   1.5451e-01   1.5451e-01            0
   4.6000e-04   1.6687e+03   1.5444e+03   1.2435e-01   1.2435e-01            0
   4.7000e-04   1.6535e+03   1.5598e+03   9.3691e-02   9.3691e-02            0
   4.8000e-04   1.6349e+03   1.5723e+03   6.2667e-02   6.2667e-02            0
   4.9000e-04   1.6130e+03   1.5816e+03   3.1396e-02   3.1396e-02            0
   5.0000e-04   1.5879e+03   1.5879e+03   6.1035e-07   6.1035e-07            0
   5.1000e-04   1.5596e+03   1.5910e+03  -3.1395e-02  -3.1395e-02            0
   5.2000e-04   1.5284e+03   1.5910e+03  -6.2666e-02  -6.2666e-02            0
   5.3000e-04   1.4942e+03   1.5879e+03  -9.3690e-02  -9.3690e-02            0
   5.4000e-04   1.4573e+03   1.5816e+03  -1.2434e-01  -1.2434e-01            0
   5.5000e-04   1.4177e+03   1.5723e+03  -1.5451e-01  -1.5451e-01            0
   5.6000e-04   1.3758e+03   1.5598e+03  -1.8406e-01  -1.8406e-01            0
   5.7000e-04   1.3315e+03   1.5444e+03  -2.1289e-01  -2.1289e-01            0
   5.8000e-04   1.2851e+03   1.5260e+03  -2.4088e-01  -2.4088e-01            0
   5.9000e-04   1.2368e+03   1.5047e+03  -2.6791e-01  -2.6791e-01            0
   6.0000e-04   1.1867e+03   1.4806e+03  -2.9389e-01  -2.9389e-01            0
   6.1000e-04   1.1351e+03   1.4538e+03  -3.1871e-01  -3.1871e-01            0
   6.2000e-04   1.0821e+03   1.4244e+03  -3.4227e-01  -3.4227e-01            0
   6.3000e-04   1.0280e+03   1.3925e+03  -3.6448e-01  -3.6448e-01            0
   6.4000e-04   9.7305e+02   1.3583e+03  -3.8526e-01  -3.8526e-01            0
   6.5000e-04   9.1735e+02   1.3219e+03  -4.0451e-01  -4.0451e-01            0
   6.6000e-04   8.6117e+02   1.2833e+03  -4.2216e-01  -4.2216e-01            0
   6.7000e-04   8.0473e+02   1.2429e+03  -4.3815e-01  -4.3815e-01            0
   6.8000e-04   7.4825e+02   1.2007e+03  -4.5241e-01  -4.5241e-01            0
   6.9000e-04   6.9196e+02   1.1568e+03  -4.6489e-01  -4.6489e-01            0
   7.0000e-04   6.3608e+02   1.1116e+03  -4.7553e-01  -4.7553e-01            0
   7.1000e-04   5.8083e+02   1.0651e+03  -4.8429e-01  -4.8429e-01            0
   7.2000e-04   5.2642e+02   1.0176e+03  -4.9114e-01  -4.9114e-01            0
   7.3000e-04   4.7308e+02   9.6914e+02  -4.9606e-01  -4.9606e-01            0
   7.4000e-04   4.2101e+02   9.2002e+02  -4.9901e-01  -4.9901e-01            0
   7.5000e-04   3.7042e+02   8.7042e+02  -5.0000e-01  -5.0000e-01            0
   7.6000e-04   3.2150e+02   8.2051e+02  -4.9901e-01  -4.9901e-01            0
   7.7000e-04   2.7446e+02   7.7051e+02  -4.9606e-01  -4.9606e-01            0
   7.8000e-04   2.2947e+02   7.2061e+02  -4.9114e-01  -4.9114e-01            0
   7.9000e-04   1.8672e+02   6.7101e+02  -4.8429e-01  -4.8429e-01            0
   8.0000e-04   1.4636e+02   6.2189e+02  -4.7553e-01  -4.7553e-01            0
   8.1000e-04   1.0858e+02   5.7346e+02  -4.6489e-01  -4.6489e-01            0
   8.2000e-04   7.3498e+01   5.2591e+02  -4.5241e-01  -4.5241e-01            0
   8.3000e-04   4.1269e+01   4.7942e+02  -4.3815e-01  -4.3815e-01            0
   8.4000e-04   1.2017e+01   4.3418e+02  -4.2216e-01  -4.2216e-01            0
   8.5000e-04  -1.4142e+01   3.9037e+02  -4.0451e-01  -4.0451e-01            0
   8.6000e-04  -3.7107e+01   3.4815e+02  -3.8526e-01  -3.8526e-01            0
   8.7000e-04  -5.6785e+01   3.0770e+02  -3.6448e-01  -3.6448e-01            0
   8.8000e-04  -7.3100e+01   2.6917e+02  -3.4227e-01  -3.4227e-01            0
   8.9000e-04  -8.5986e+01   2.3272e+02  -3.1871e-01  -3.1871e-01            0
   9.0000e-04  -9.5394e+01   1.9850e+02  -2.9389e-01  -2.9389e-01            0
   9.1000e-04  -1.0129e+02   1.6663e+02  -2.6791e-01  -2.6791e-01            0
   9.2000e-04  -1.0364e+02   1.3724e+02  -2.4088e-01  -2.4088e-01            0
   9.3000e-04  -1.0244e+02   1.1045e+02  -2.1289e-01  -2.1289e-01            0
   9.4000e-04  -9.7702e+01   8.6358e+01  -1.8406e-01  -1.8406e-01            0
   9.5000e-04  -8.9437e+01   6.5069e+01  -1.5451e-01  -1.5451e-01            0
   9.6000e-04  -7.7680e+01   4.6663e+01  -1.2434e-01  -1.2434e-01            0
   9.7000e-04  -6.2476e+01   3.1213e+01  -9.3689e-02  -9.3689e-02            0
   9.8000e-04  -4.3886e+01   1.8778e+01  -6.2665e-02  -6.2665e-02            0
   9.9000e-04  -2.1984e+01   9.4095e+00  -3.1394e-02  -3.1394e-02            0
   1.0000e-03   3.1448e+00   3.1431e+00   1.7564e-06   1.7564e-06            0
   1.0100e-03   3.1401e+01   3.7213e-03   3.1397e-02   3.1397e-02            0
   1.0200e-03   6.2672e+01   3.8969e-03   6.2668e-02   6.2668e-02            0
   1.0300e-03   9.6836e+01   3.1436e+00   9.3692e-02   9.3692e-02            0
   1.0400e-03   1.3376e+02   9.4104e+00   1.2435e-01   1.2435e-01            0
   1.0500e-03   1.7329e+02   1.8780e+01   1.5451e-01   1.5451e-01            0
   1.0600e-03   2.1528e+02   3.1214e+01   1.8406e-01   1.8406e-01            0
   1.0700e-03   2.5956e+02   4.6665e+01   2.1289e-01   2.1289e-01            0
   1.0800e-03   3.0595e+02   6.5071e+01   2.4088e-01   2.4088e-01            0
   1.0900e-03   3.5427e+02   8.6361e+01   2.6791e-01   2.6791e-01            0
   1.1000e-03   4.0434e+02   1.1045e+02   2.9389e-01   2.9389e-01            0
   1.1100e-03   4.5595e+02   1.3724e+02   3.1871e-01   3.1871e-01            0
   1.1200e-03   5.0890e+02   1.6663e+02   3.4227e-01   3.4227e-01            0
   1.1300e-03   5.6298e+02   1.9850e+02   3.6448e-01   3.6448e-01            0
   1.1400e-03   6.1798e+02   2.3273e+02   3.8526e-01   3.8526e-01            0
   1.1500e-03   6.7368e+02   2.6918e+02   4.0451e-01   4.0451e-01            0
   1.1600e-03   7.2987e+02   3.0770e+02   4.2216e-01   4.2216e-01            0
   1.1700e-03   7.8631e+02   3.4815e+02   4.3815e-01   4.3815e-01            0
   1.1800e-03   8.4278e+02   3.9037e+02   4.5241e-01   4.5241e-01            0
   1.1900e-03   8.9907e+02   4.3418e+02   4.6489e-01   4.6489e-01            0
   1.2000e-03   9.5495e+02   4.7943e+02   4.7553e-01   4.7553e-01            0
   1.2100e-03   1.0102e+03   5.2591e+02   4.8429e-01   4.8429e-01            0
   1.2200e-03   1.0646e+03   5.7347e+02   4.9114e-01   4.9114e-01            0
   1.2300e-03   1.1180e+03   6.2190e+02   4.9606e-01   4.9606e-01            0
   1.2400e-03   1.1700e+03   6.7101e+02   4.9901e-01   4.9901e-01            0
   1.2500e-03   1.2206e+03   7.2062e+02   5.0000e-01   5.0000e-01            0
   1.2600e-03   1.2695e+03   7.7052e+02   4.9901e-01   4.9901e-01            0
   1.2700e-03   1.3166e+03   8.2052e+02   4.9606e-01   4.9606e-01            0
   1.2800e-03   1.3616e+03   8.7042e+02   4.9114e-01   4.9114e-01            0
   1.2900e-03   1.4043e+03   9.2002e+02   4.8429e-01   4.8429e-01            0
   1.3000e-03   1.4447e+03   9.6914e+02   4.7553e-01   4.7553e-01            0
   1.3100e-03   1.4825e+03   1.0176e+03   4.6489e-01   4.6489e-01            0
   1.3200e-03   1.5175e+03   1.0651e+03   4.5241e-01   4.5241e-01            0
   1.3300e-03   1.5498e+03   1.1116e+03   4.3815e-01   4.3815e-01            0
   1.3400e-03   1.5790e+03   1.1569e+03   4.2217e-01   4.2217e-01            0
   1.3500e-03   1.6052e+03   1.2007e+03   4.0451e-01   4.0451e-01            0
   1.3600e-03   1.6281e+03   1.2429e+03   3.8526e-01   3.8526e-01            0
   1.3700e-03   1.6478e+03   1.2833e+03   3.6449e-01   3.6449e-01            0
   1.3800e-03   1.6641e+03   1.3219e+03   3.4228e-01   3.4228e-01            0
   1.3900e-03   1.6770e+03   1.3583e+03   3.1871e-01   3.1871e-01            0
   1.4000e-03   1.6864e+03   1.3925e+03   2.9390e-01   2.9390e-01            0
   1.4100e-03   1.6923e+03   1.4244e+03   2.6792e-01   2.6792e-01            0
   1.4200e-03   1.6947e+03   1.4538e+03   2.4088e-01   2.4088e-01            0
   1.4300e-03   1.6935e+03   1.4806e+03   2.1289e-01   2.1289e-01            0
   1.4400e-03   1.6887e+03   1.5047e+03   1.8407e-01   1.8407e-01            0
   1.4500e-03   1.6805e+03   1.5260e+03   1.5451e-01   1.5451e-01            0
   1.4600e-03   1.6687e+03   1.5444e+03   1.2435e-01   1.2435e-01            0
   1.4700e-03   1.6535e+03   1.5598e+03   9.3695e-02   9.3695e-02            0
   1.4800e-03   1.6349e+03   1.5723e+03   6.2671e-02   6.2671e-02            0
   1.4900e-03   1.6130e+03   1.5816e+03   3.1400e-02   3.1400e-02            0
   1.5000e-03   1.5879e+03   1.5879e+03   4.7607e-06   4.7607e-06            0
   1.5100e-03   1.5596e+03   1.5910e+03  -3.1391e-02  -3.1391e-02            0
   1.5200e-03   1.5284e+03   1.5910e+03  -6.2662e-02  -6.2662e-02            0
   1.5300e-03   1.4942e+03   1.5879e+03  -9.3686e-02  -9.3686e-02            0
   1.5400e-03   1.4573e+03   1.5816e+03  -1.2434e-01  -1.2434e-01            0
   1.5500e-03   1.4178e+03   1.5723e+03  -1.5450e-01  -1.5450e-01            0
   1.5600e-03   1.3758e+03   1.5598e+03  -1.8406e-01  -1.8406e-01            0
   1.5700e-03   1.3315e+03   1.5444e+03  -2.1288e-01  -2.1288e-01            0
   1.5800e-03   1.2851e+03   1.5260e+03  -2.4087e-01  -2.4087e-01            0
   1.5900e-03   1.2368e+03   1.5047e+03  -2.6791e-01  -2.6791e-01            0
   1.6000e-03   1.1867e+03   1.4806e+03  -2.9389e-01  -2.9389e-01            0
   1.6100e-03   1.1351e+03   1.4538e+03  -3.1871e-01  -3.1871e-01            0
   1.6200e-03   1.0821e+03   1.4244e+03  -3.4227e-01  -3.4227e-01            0
   1.6300e-03   1.0281e+03   1.3925e+03  -3.6448e-01  -3.6448e-01            0
   1.6400e-03   9.7307e+02   1.3583e+03  -3.8525e-01  -3.8525e-01            0
   1.6500e-03   9.1737e+02   1.3219e+03  -4.0450e-01  -4.0450e-01            0
   1.6600e-03   8.6119e+02   1.2833e+03  -4.2216e-01  -4.2216e-01            0
   1.6700e-03   8.0475e+02   1.2429e+03  -4.3815e-01  -4.3815e-01            0
   1.6800e-03   7.4827e+02   1.2007e+03  -4.5241e-01  -4.5241e-01            0
   1.6900e-03   6.9198e+02   1.1569e+03  -4.6489e-01  -4.6489e-01            0
   1.7000e-03   6.3610e+02   1.1116e+03  -4.7553e-01  -4.7553e-01            0
   1.7100e-03   5.8085e+02   1.0651e+03  -4.8429e-01  -4.8429e-01            0
   1.7200e-03   5.2644e+02   1.0176e+03  -4.9114e-01  -4.9114e-01            0
   1.7300e-03   4.7310e+02   9.6915e+02  -4.9606e-01  -4.9606e-01            0
   1.7400e-03   4.2103e+02   9.2004e+02  -4.9901e-01  -4.9901e-01            0
   1.7500e-03   3.7043e+02   8.7043e+02  -5.0000e-01  -5.0000e-01            0
   1.7600e-03   3.2152e+02   8.2053e+02  -4.9901e-01  -4.9901e-01            0
   1.7700e-03   2.7447e+02   7.7053e+02  -4.9606e-01  -4.9606e-01            0
   1.7800e-03   2.2949e+02   7.2063e+02  -4.9115e-01  -4.9115e-01            0
   1.7900e-03   1.8673e+02   6.7102e+02  -4.8429e-01  -4.8429e-01            0
   1.8000e-03   1.4638e+02   6.2191e+02  -4.7553e-01  -4.7553e-01            0
   1.8100e-03   1.0859e+02   5.7348e+02  -4.6489e-01  -4.6489e-01            0
   1.8200e-03   7.3511e+01   5.2593e+02  -4.5242e-01  -4.5242e-01            0
   1.8300e-03   4.1281e+01   4.7944e+02  -4.3816e-01  -4.3816e-01            0
   1.8400e-03   1.2029e+01   4.3420e+02  -4.2217e-01  -4.2217e-01            0
   1.8500e-03  -1.4133e+01   3.9038e+02  -4.0451e-01  -4.0451e-01            0
   1.8600e-03  -3.7098e+01   3.4816e+02  -3.8526e-01  -3.8526e-01            0
   1.8700e-03  -5.6777e+01   3.0771e+02  -3.6449e-01  -3.6449e-01            0
   1.8800e-03  -7.3094e+01   2.6919e+02  -3.4228e-01  -3.4228e-01            0
   1.8900e-03  -8.5982e+01   2.3274e+02  -3.1872e-01  -3.1872e-01            0
   1.9000e-03  -9.5391e+01   1.9851e+02  -2.9390e-01  -2.9390e-01            0
   1.9100e-03  -1.0128e+02   1.6664e+02  -2.6792e-01  -2.6792e-01            0
   1.9200e-03  -1.0364e+02   1.3725e+02  -2.4089e-01  -2.4089e-01            0
   1.9300e-03  -1.0244e+02   1.1046e+02  -2.1290e-01  -2.1290e-01            0
   1.9400e-03  -9.7704e+01   8.6367e+01  -1.8407e-01  -1.8407e-01            0
   1.9500e-03  -8.9441e+01   6.5077e+01  -1.5452e-01  -1.5452e-01            0
   1.9600e-03  -7.7684e+01   4.6670e+01  -1.2435e-01  -1.2435e-01            0
   1.9700e-03  -6.2482e+01   3.1218e+01  -9.3700e-02  -9.3700e-02            0
   1.9800e-03  -4.3893e+01   1.8783e+01  -6.2676e-02  -6.2676e-02            0
   1.9900e-03  -2.1992e+01   9.4128e+00  -3.1405e-02  -3.1405e-02            0
   2.0000e-03   3.1363e+00   3.1452e+00  -8.8851e-06  -8.8851e-06            0
   2.0100e-03   3.1391e+01   4.7194e-03   3.1386e-02   3.1386e-02            0
   2.0200e-03   6.2662e+01   3.8309e-03   6.2658e-02   6.2658e-02            0
   2.0300e-03   9.6825e+01   3.1425e+00   9.3682e-02   9.3682e-02            0
   2.0400e-03   1.3375e+02   9.4083e+00   1.2434e-01   1.2434e-01            0
   2.0500e-03   1.7328e+02   1.8777e+01   1.5450e-01   1.5450e-01            0
   2.0600e-03   2.1527e+02   3.1210e+01   1.8406e-01   1.8406e-01            0
   2.0700e-03   2.5954e+02   4.6660e+01   2.1288e-01   2.1288e-01            0
   2.0800e-03   3.0594e+02   6.5066e+01   2.4087e-01   2.4087e-01            0
   2.0900e-03   3.5426e+02   8.6354e+01   2.6791e-01   2.6791e-01            0
   2.1000e-03   4.0433e+02   1.1044e+02   2.9389e-01   2.9389e-01            0
   2.1100e-03   4.5594e+02   1.3723e+02   3.1871e-01   3.1871e-01            0
   2.1200e-03   5.0889e+02   1.6662e+02   3.4227e-01   3.4227e-01            0
   2.1300e-03   5.6297e+02   1.9849e+02   3.6448e-01   3.6448e-01            0
   2.1400e-03   6.1797e+02   2.3272e+02   3.8525e-01   3.8525e-01            0
   2.1500e-03   6.7367e+02   2.6917e+02   4.0451e-01   4.0451e-01            0
   2.1600e-03   7.2985e+02   3.0769e+02   4.2216e-01   4.2216e-01            0
   2.1700e-03   7.8629e+02   3.4814e+02   4.3815e-01   4.3815e-01            0
   2.1800e-03   8.4277e+02   3.9036e+02   4.5241e-01   4.5241e-01            0
   2.1900e-03   8.9906e+02   4.3417e+02   4.6489e-01   4.6489e-01            0
   2.2000e-03   9.5494e+02   4.7941e+02   4.7553e-01   4.7553e-01            0
   2.2100e-03   1.0102e+03   5.2590e+02   4.8429e-01   4.8429e-01            0
   2.2200e-03   1.0646e+03   5.7346e+02   4.9114e-01   4.9114e-01            0
   2.2300e-03   1.1179e+03   6.2189e+02   4.9606e-01   4.9606e-01            0
   2.2400e-03   1.1700e+03   6.7100e+02   4.9901e-01   4.9901e-01            0
   2.2500e-03   1.2206e+03   7.2061e+02   5.0000e-01   5.0000e-01            0
   2.2600e-03   1.2695e+03   7.7051e+02   4.9901e-01   4.9901e-01            0
   2.2700e-03   1.3166e+03   8.2051e+02   4.9606e-01   4.9606e-01            0
   2.2800e-03   1.3616e+03   8.7041e+02   4.9114e-01   4.9114e-01            0
   2.2900e-03   1.4043e+03   9.2001e+02   4.8429e-01   4.8429e-01            0
   2.3000e-03   1.4447e+03   9.6913e+02   4.7553e-01   4.7553e-01            0
   2.3100e-03   1.4824e+03   1.0176e+03   4.6489e-01   4.6489e-01            0
   2.3200e-03   1.5175e+03   1.0651e+03   4.5241e-01   4.5241e-01            0
   2.3300e-03   1.5498e+03   1.1116e+03   4.3815e-01   4.3815e-01            0
   2.3400e-03   1.5790e+03   1.1568e+03   4.2216e-01   4.2216e-01            0
   2.3500e-03   1.6052e+03   1.2007e+03   4.0451e-01   4.0451e-01            0
   2.3600e-03   1.6281e+03   1.2429e+03   3.8526e-01   3.8526e-01            0
   2.3700e-03   1.6478e+03   1.2833e+03   3.6448e-01   3.6448e-01            0
   2.3800e-03   1.6641e+03   1.3218e+03   3.4227e-01   3.4227e-01            0
   2.3900e-03   1.6770e+03   1.3583e+03   3.1871e-01   3.1871e-01            0
   2.4000e-03   1.6864e+03   1.3925e+03   2.9389e-01   2.9389e-01            0
   2.4100e-03   1.6923e+03   1.4244e+03   2.6791e-01   2.6791e-01            0
   2.4200e-03   1.6947e+03   1.4538e+03   2.4088e-01   2.4088e-01            0
   2.4300e-03   1.6935e+03   1.4806e+03   2.1289e-01   2.1289e-01            0
   2.4400e-03   1.6887e+03   1.5047e+03   1.8406e-01   1.8406e-01            0
   2.4500e-03   1.6805e+03   1.5260e+03   1.5451e-01   1.5451e-01            0
   2.4600e-03   1.6687e+03   1.5444e+03   1.2434e-01   1.2434e-01            0
   2.4700e-03   1.6535e+03   1.5598e+03   9.3688e-02   9.3688e-02            0
   2.4800e-03   1.6349e+03   1.5722e+03   6.2664e-02   6.2664e-02            0
   2.4900e-03   1.6130e+03   1.5816e+03   3.1393e-02   3.1393e-02            0
   2.5000e-03   1.5879e+03   1.5879e+03  -3.1738e-06  -3.1738e-06            0
   2.5100e-03   1.5596e+03   1.5910e+03  -3.1398e-02  -3.1398e-02            0
   2.5200e-03   1.5283e+03   1.5910e+03  -6.2670e-02  -6.2670e-02            0
   2.5300e-03   1.4942e+03   1.5879e+03  -9.3694e-02  -9.3694e-02            0
   2.5400e-03   1.4573e+03   1.5816e+03  -1.2435e-01  -1.2435e-01            0
   2.5500e-03   1.4177e+03   1.5722e+03  -1.5451e-01  -1.5451e-01            0
   2.5600e-03   1.3757e+03   1.5598e+03  -1.8407e-01  -1.8407e-01            0
   2.5700e-03   1.3315e+03   1.5444e+03  -2.1289e-01  -2.1289e-01            0
   2.5800e-03   1.2851e+03   1.5259e+03  -2.4088e-01  -2.4088e-01            0
   2.5900e-03   1.2367e+03   1.5047e+03  -2.6792e-01  -2.6792e-01            0
   2.6000e-03   1.1867e+03   1.4806e+03  -2.9390e-01  -2.9390e-01            0
   2.6100e-03   1.1351e+03   1.4538e+03  -3.1872e-01  -3.1872e-01            0
   2.6200e-03   1.0821e+03   1.4244e+03  -3.4228e-01  -3.4228e-01            0
   2.6300e-03   1.0280e+03   1.3925e+03  -3.6449e-01  -3.6449e-01            0
   2.6400e-03   9.7303e+02   1.3583e+03  -3.8526e-01  -3.8526e-01            0
   2.6500e-03   9.1733e+02   1.3218e+03  -4.0451e-01  -4.0451e-01            0
   2.6600e-03   8.6115e+02   1.2833e+03  -4.2217e-01  -4.2217e-01            0
   2.6700e-03   8.0471e+02   1.2429e+03  -4.3816e-01  -4.3816e-01            0
   2.6800e-03   7.4823e+02   1.2006e+03  -4.5242e-01  -4.5242e-01            0
   2.6900e-03   6.9194e+02   1.1568e+03  -4.6489e-01  -4.6489e-01            0
   2.7000e-03   6.3606e+02   1.1116e+03  -4.7553e-01  -4.7553e-01            0
   2.7100e-03   5.8081e+02   1.0651e+03  -4.8429e-01  -4.8429e-01            0
   2.7200e-03   5.2640e+02   1.0175e+03  -4.9115e-01  -4.9115e-01            0
   2.7300e-03   4.7306e+02   9.6912e+02  -4.9606e-01  -4.9606e-01            0
   2.7400e-03   4.2099e+02   9.2000e+02  -4.9901e-01  -4.9901e-01            0
   2.7500e-03   3.7040e+02   8.7040e+02  -5.0000e-01  -5.0000e-01            0
   2.7600e-03   3.2148e+02   8.2050e+02  -4.9901e-01  -4.9901e-01            0
   2.7700e-03   2.7444e+02   7.7050e+02  -4.9606e-01  -4.9606e-01            0
   2.7800e-03   2.2945e+02   7.2060e+02  -4.9114e-01  -4.9114e-01            0
   2.7900e-03   1.8670e+02   6.7099e+02  -4.8429e-01  -4.8429e-01            0
   2.8000e-03   1.4635e+02   6.2188e+02  -4.7553e-01  -4.7553e-01            0
   2.8100e-03   1.0856e+02   5.7345e+02  -4.6488e-01  -4.6488e-01            0
   2.8200e-03   7.3485e+01   5.2589e+02  -4.5241e-01  -4.5241e-01            0
   2.8300e-03   4.1258e+01   4.7941e+02  -4.3815e-01  -4.3815e-01            0
   2.8400e-03   1.2007e+01   4.3416e+02  -4.2216e-01  -4.2216e-01            0
   2.8500e-03  -1.4152e+01   3.9035e+02  -4.0450e-01  -4.0450e-01            0
   2.8600e-03  -3.7115e+01   3.4813e+02  -3.8525e-01  -3.8525e-01            0
   2.8700e-03  -5.6792e+01   3.0768e+02  -3.6448e-01  -3.6448e-01            0
   2.8800e-03  -7.3105e+01   2.6916e+02  -3.4226e-01  -3.4226e-01            0
   2.8900e-03  -8.5991e+01   2.3271e+02  -3.1870e-01  -3.1870e-01            0
   2.9000e-03  -9.5398e+01   1.9849e+02  -2.9388e-01  -2.9388e-01            0
   2.9100e-03  -1.0129e+02   1.6661e+02  -2.6790e-01  -2.6790e-01            0
   2.9200e-03  -1.0364e+02   1.3723e+02  -2.4087e-01  -2.4087e-01            0
   2.9300e-03  -1.0244e+02   1.1044e+02  -2.1288e-01  -2.1288e-01            0
   2.9400e-03  -9.7700e+01   8.6350e+01  -1.8405e-01  -1.8405e-01            0
   2.9500e-03  -8.9433e+01   6.5062e+01  -1.5449e-01  -1.5449e-01            0
   2.9600e-03  -7.7674e+01   4.6657e+01  -1.2433e-01  -1.2433e-01            0
   2.9700e-03  -6.2469e+01   3.1208e+01  -9.3677e-02  -9.3677e-02            0
   2.9800e-03  -4.3878e+01   1.8774e+01  -6.2652e-02  -6.2652e-02            0
   2.9900e-03  -2.1973e+01   9.4068e+00  -3.1380e-02  -3.1380e-02            0
   3.0000e-03   3.1568e+00   3.1415e+00   1.5283e-05   1.5283e-05            0
   3.0100e-03   3.1414e+01   3.5087e-03   3.1411e-02   3.1411e-02            0
   3.0200e-03   6.2687e+01   5.0369e-03   6.2682e-02   6.2682e-02            0
   3.0300e-03   9.6852e+01   3.1461e+00   9.3706e-02   9.3706e-02            0
   3.0400e-03   1.3377e+02   9.4143e+00   1.2436e-01   1.2436e-01            0
   3.0500e-03   1.7331e+02   1.8785e+01   1.5452e-01   1.5452e-01            0
   3.0600e-03   2.1530e+02   3.1221e+01   1.8408e-01   1.8408e-01            0
   3.0700e-03   2.5958e+02   4.6673e+01   2.1290e-01   2.1290e-01            0
   3.0800e-03   3.0597e+02   6.5081e+01   2.4089e-01   2.4089e-01            0
   3.0900e-03   3.5430e+02   8.6371e+01   2.6793e-01   2.6793e-01            0
   3.1000e-03   4.0437e+02   1.1046e+02   2.9391e-01   2.9391e-01            0
   3.1100e-03   4.5598e+02   1.3725e+02   3.1873e-01   3.1873e-01            0
   3.1200e-03   5.0893e+02   1.6664e+02   3.4229e-01   3.4229e-01            0
   3.1300e-03   5.6301e+02   1.9852e+02   3.6450e-01   3.6450e-01            0
   3.1400e-03   6.1801e+02   2.3275e+02   3.8527e-01   3.8527e-01            0
   3.1500e-03   6.7371e+02   2.6920e+02   4.0452e-01   4.0452e-01            0
   3.1600e-03   7.2990e+02   3.0772e+02   4.2217e-01   4.2217e-01            0
   3.1700e-03   7.8634e+02   3.4817e+02   4.3816e-01   4.3816e-01            0
   3.1800e-03   8.4281e+02   3.9039e+02   4.5242e-01   4.5242e-01            0
   3.1900e-03   8.9910e+02   4.3421e+02   4.6490e-01   4.6490e-01            0
   3.2000e-03   9.5498e+02   4.7945e+02   4.7553e-01   4.7553e-01            0
   3.2100e-03   1.0102e+03   5.2594e+02   4.8430e-01   4.8430e-01            0
   3.2200e-03   1.0646e+03   5.7349e+02   4.9115e-01   4.9115e-01            0
   3.2300e-03   1.1180e+03   6.2192e+02   4.9606e-01   4.9606e-01            0
   3.2400e-03   1.1701e+03   6.7104e+02   4.9901e-01   4.9901e-01            0
   3.2500e-03   1.2206e+03   7.2064e+02   5.0000e-01   5.0000e-01            0
   3.2600e-03   1.2696e+03   7.7054e+02   4.9901e-01   4.9901e-01            0
   3.2700e-03   1.3166e+03   8.2054e+02   4.9605e-01   4.9605e-01            0
   3.2800e-03   1.3616e+03   8.7045e+02   4.9114e-01   4.9114e-01            0
   3.2900e-03   1.4043e+03   9.2005e+02   4.8429e-01   4.8429e-01            0
   3.3000e-03   1.4447e+03   9.6917e+02   4.7552e-01   4.7552e-01            0
   3.3100e-03   1.4825e+03   1.0176e+03   4.6488e-01   4.6488e-01            0
   3.3200e-03   1.5175e+03   1.0651e+03   4.5240e-01   4.5240e-01            0
   3.3300e-03   1.5498e+03   1.1116e+03   4.3814e-01   4.3814e-01            0
   3.3400e-03   1.5790e+03   1.1569e+03   4.2215e-01   4.2215e-01            0
   3.3500e-03   1.6052e+03   1.2007e+03   4.0449e-01   4.0449e-01            0
   3.3600e-03   1.6281e+03   1.2429e+03   3.8524e-01   3.8524e-01            0
   3.3700e-03   1.6478e+03   1.2834e+03   3.6447e-01   3.6447e-01            0
   3.3800e-03   1.6641e+03   1.3219e+03   3.4226e-01   3.4226e-01            0
   3.3900e-03   1.6770e+03   1.3583e+03   3.1869e-01   3.1869e-01            0
   3.4000e-03   1.6864e+03   1.3925e+03   2.9387e-01   2.9387e-01            0
   3.4100e-03   1.6923e+03   1.4244e+03   2.6789e-01   2.6789e-01            0
   3.4200e-03   1.6947e+03   1.4538e+03   2.4085e-01   2.4085e-01            0
   3.4300e-03   1.6935e+03   1.4806e+03   2.1287e-01   2.1287e-01            0
   3.4400e-03   1.6887e+03   1.5047e+03   1.8404e-01   1.8404e-01            0
   3.4500e-03   1.6805e+03   1.5260e+03   1.5448e-01   1.5448e-01            0
   3.4600e-03   1.6687e+03   1.5444e+03   1.2432e-01   1.2432e-01            0
   3.4700e-03   1.6535e+03   1.5598e+03   9.3665e-02   9.3665e-02            0
   3.4800e-03   1.6349e+03   1.5723e+03   6.2640e-02   6.2640e-02            0
   3.4900e-03   1.6130e+03   1.5816e+03   3.1369e-02   3.1369e-02            0
   3.5000e-03   1.5879e+03   1.5879e+03  -2.7344e-05  -2.7344e-05            0
   3.5100e-03   1.5596e+03   1.5910e+03  -3.1423e-02  -3.1423e-02            0
   3.5200e-03   1.5283e+03   1.5910e+03  -6.2694e-02  -6.2694e-02            0
   3.5300e-03   1.4942e+03   1.5879e+03  -9.3718e-02  -9.3718e-02            0
   3.5400e-03   1.4572e+03   1.5816e+03  -1.2437e-01  -1.2437e-01            0
   3.5500e-03   1.4177e+03   1.5722e+03  -1.5454e-01  -1.5454e-01            0
   3.5600e-03   1.3757e+03   1.5598e+03  -1.8409e-01  -1.8409e-01            0
   3.5700e-03   1.3314e+03   1.5443e+03  -2.1292e-01  -2.1292e-01            0
   3.5800e-03   1.2850e+03   1.5259e+03  -2.4090e-01  -2.4090e-01            0
   3.5900e-03   1.2367e+03   1.5046e+03  -2.6794e-01  -2.6794e-01            0
   3.6000e-03   1.1866e+03   1.4806e+03  -2.9392e-01  -2.9392e-01            0
   3.6100e-03   1.1350e+03   1.4538e+03  -3.1873e-01  -3.1873e-01            0
   3.6200e-03   1.0821e+03   1.4244e+03  -3.4230e-01  -3.4230e-01            0
   3.6300e-03   1.0280e+03   1.3925e+03  -3.6451e-01  -3.6451e-01            0
   3.6400e-03   9.7299e+02   1.3583e+03  -3.8528e-01  -3.8528e-01            0
   3.6500e-03   9.1729e+02   1.3218e+03  -4.0453e-01  -4.0453e-01            0
   3.6600e-03   8.6110e+02   1.2833e+03  -4.2218e-01  -4.2218e-01            0
   3.6700e-03   8.0466e+02   1.2428e+03  -4.3817e-01  -4.3817e-01            0
   3.6800e-03   7.4819e+02   1.2006e+03  -4.5243e-01  -4.5243e-01            0
   3.6900e-03   6.9190e+02   1.1568e+03  -4.6490e-01  -4.6490e-01            0
   3.7000e-03   6.3602e+02   1.1116e+03  -4.7554e-01  -4.7554e-01            0
   3.7100e-03   5.8077e+02   1.0651e+03  -4.8430e-01  -4.8430e-01            0
   3.7200e-03   5.2636e+02   1.0175e+03  -4.9115e-01  -4.9115e-01            0
   3.7300e-03   4.7302e+02   9.6908e+02  -4.9606e-01  -4.9606e-01            0
   3.7400e-03   4.2095e+02   9.1997e+02  -4.9902e-01  -4.9902e-01            0
   3.7500e-03   3.7036e+02   8.7036e+02  -5.0000e-01  -5.0000e-01            0
   3.7600e-03   3.2145e+02   8.2046e+02  -4.9901e-01  -4.9901e-01            0
   3.7700e-03   2.7441e+02   7.7046e+02  -4.9605e-01  -4.9605e-01            0
   3.7800e-03   2.2942e+02   7.2056e+02  -4.9114e-01  -4.9114e-01            0
   3.7900e-03   1.8667e+02   6.7095e+02  -4.8428e-01  -4.8428e-01            0
   3.8000e-03   1.4632e+02   6.2184e+02  -4.7552e-01  -4.7552e-01            0
   3.8100e-03   1.0853e+02   5.7341e+02  -4.6488e-01  -4.6488e-01            0
   3.8200e-03   7.3459e+01   5.2586e+02  -4.5240e-01  -4.5240e-01            0
   3.8300e-03   4.1234e+01   4.7937e+02  -4.3814e-01  -4.3814e-01            0
   3.8400e-03   1.1986e+01   4.3413e+02  -4.2214e-01  -4.2214e-01            0
   3.8500e-03  -1.4171e+01   3.9032e+02  -4.0449e-01  -4.0449e-01            0
   3.8600e-03  -3.7132e+01   3.4810e+02  -3.8523e-01  -3.8523e-01            0
   3.8700e-03  -5.6806e+01   3.0765e+02  -3.6446e-01  -3.6446e-01            0
   3.8800e-03  -7.3117e+01   2.6913e+02  -3.4225e-01  -3.4225e-01            0
   3.8900e-03  -8.6000e+01   2.3268e+02  -3.1868e-01  -3.1868e-01            0
   3.9000e-03  -9.5403e+01   1.9846e+02  -2.9386e-01  -2.9386e-01            0
   3.9100e-03  -1.0129e+02   1.6659e+02  -2.6788e-01  -2.6788e-01            0
   3.9200e-03  -1.0364e+02   1.3720e+02  -2.4084e-01  -2.4084e-01            0
   3.9300e-03  -1.0244e+02   1.1042e+02  -2.1286e-01  -2.1286e-01            0
   3.9400e-03  -9.7695e+01   8.6332e+01  -1.8403e-01  -1.8403e-01            0
   3.9500e-03  -8.9426e+01   6.5047e+01  -1.5447e-01  -1.5447e-01            0
   3.9600e-03  -7.7664e+01   4.6644e+01  -1.2431e-01  -1.2431e-01            0
   3.9700e-03  -6.2456e+01   3.1197e+01  -9.3653e-02  -9.3653e-02            0
   3.9800e-03  -4.3862e+01   1.8766e+01  -6.2628e-02  -6.2628e-02            0
   3.9900e-03  -2.1956e+01   9.4007e+00  -3.1357e-02  -3.1357e-02            0
   4.0000e-03   3.1773e+00   3.1378e+00   3.9450e-05   3.9450e-05            0
   4.0100e-03   3.1437e+01   2.1322e-03   3.1435e-02   3.1435e-02            0
   4.0200e-03   6.2712e+01   6.0772e-03   6.2706e-02   6.2706e-02            0
   4.0300e-03   9.6879e+01   3.1495e+00   9.3729e-02   9.3729e-02            0
   4.0400e-03   1.3380e+02   9.4201e+00   1.2438e-01   1.2438e-01            0
   4.0500e-03   1.7334e+02   1.8793e+01   1.5455e-01   1.5455e-01            0
   4.0600e-03   2.1533e+02   3.1231e+01   1.8410e-01   1.8410e-01            0
   4.0700e-03   2.5961e+02   4.6686e+01   2.1293e-01   2.1293e-01            0
   4.0800e-03   3.0601e+02   6.5096e+01   2.4091e-01   2.4091e-01            0
   4.0900e-03   3.5434e+02   8.6389e+01   2.6795e-01   2.6795e-01            0
   4.1000e-03   4.0441e+02   1.1048e+02   2.9393e-01   2.9393e-01            0
   4.1100e-03   4.5602e+02   1.3727e+02   3.1874e-01   3.1874e-01            0
   4.1200e-03   5.0897e+02   1.6667e+02   3.4230e-01   3.4230e-01            0
   4.1300e-03   5.6306e+02   1.9854e+02   3.6451e-01   3.6451e-01            0
   4.1400e-03   6.1806e+02   2.3277e+02   3.8528e-01   3.8528e-01            0
   4.1500e-03   6.7376e+02   2.6922e+02   4.0453e-01   4.0453e-01            0
   4.1600e-03   7.2994e+02   3.0775e+02   4.2219e-01   4.2219e-01            0
   4.1700e-03   7.8638e+02   3.4821e+02   4.3817e-01   4.3817e-01            0
   4.1800e-03   8.4286e+02   3.9042e+02   4.5243e-01   4.5243e-01            0
   4.1900e-03   8.9915e+02   4.3424e+02   4.6490e-01   4.6490e-01            0
   4.2000e-03   9.5503e+02   4.7948e+02   4.7554e-01   4.7554e-01            0
   4.2100e-03   1.0103e+03   5.2598e+02   4.8430e-01   4.8430e-01            0
   4.2200e-03   1.0647e+03   5.7353e+02   4.9115e-01   4.9115e-01            0
   4.2300e-03   1.1180e+03   6.2196e+02   4.9606e-01   4.9606e-01            0
   4.2400e-03   1.1701e+03   6.7107e+02   4.9902e-01   4.9902e-01            0
   4.2500e-03   1.2207e+03   7.2068e+02   5.0000e-01   5.0000e-01            0
   4.2600e-03   1.2696e+03   7.7058e+02   4.9901e-01   4.9901e-01            0
   4.2700e-03   1.3166e+03   8.2058e+02   4.9605e-01   4.9605e-01            0
   4.2800e-03   1.3616e+03   8.7048e+02   4.9114e-01   4.9114e-01            0
   4.2900e-03   1.4044e+03   9.2009e+02   4.8428e-01   4.8428e-01            0
   4.3000e-03   1.4447e+03   9.6920e+02   4.7551e-01   4.7551e-01            0
   4.3100e-03   1.4825e+03   1.0176e+03   4.6487e-01   4.6487e-01            0
   4.3200e-03   1.5176e+03   1.0652e+03   4.5239e-01   4.5239e-01            0
   4.3300e-03   1.5498e+03   1.1117e+03   4.3813e-01   4.3813e-01            0
   4.3400e-03   1.5790e+03   1.1569e+03   4.2214e-01   4.2214e-01            0
   4.3500e-03   1.6052e+03   1.2007e+03   4.0448e-01   4.0448e-01            0
   4.3600e-03   1.6282e+03   1.2429e+03   3.8523e-01   3.8523e-01            0
   4.3700e-03   1.6478e+03   1.2834e+03   3.6445e-01   3.6445e-01            0
   4.3800e-03   1.6641e+03   1.3219e+03   3.4224e-01   3.4224e-01            0
   4.3900e-03   1.6770e+03   1.3584e+03   3.1867e-01   3.1867e-01            0
   4.4000e-03   1.6864e+03   1.3926e+03   2.9385e-01   2.9385e-01            0
   4.4100e-03   1.6923e+03   1.4244e+03   2.6787e-01   2.6787e-01            0
   4.4200e-03   1.6947e+03   1.4538e+03   2.4083e-01   2.4083e-01            0
   4.4300e-03   1.6935e+03   1.4806e+03   2.1284e-01   2.1284e-01            0
   4.4400e-03   1.6887e+03   1.5047e+03   1.8402e-01   1.8402e-01            0
   4.4500e-03   1.6804e+03   1.5260e+03   1.5446e-01   1.5446e-01            0
   4.4600e-03   1.6687e+03   1.5444e+03   1.2430e-01   1.2430e-01            0
   4.4700e-03   1.6535e+03   1.5598e+03   9.3641e-02   9.3641e-02            0
   4.4800e-03   1.6349e+03   1.5723e+03   6.2616e-02   6.2616e-02            0
   4.4900e-03   1.6130e+03   1.5816e+03   3.1345e-02   3.1345e-02            0
   4.5000e-03   1.5878e+03   1.5879e+03  -5.1514e-05  -5.1514e-05            0
   4.5100e-03   1.5596e+03   1.5910e+03  -3.1447e-02  -3.1447e-02            0
   4.5200e-03   1.5283e+03   1.5910e+03  -6.2718e-02  -6.2718e-02            0
   4.5300e-03   1.4941e+03   1.5879e+03  -9.3741e-02  -9.3741e-02            0
   4.5400e-03   1.4572e+03   1.5816e+03  -1.2440e-01  -1.2440e-01            0
   4.5500e-03   1.4177e+03   1.5722e+03  -1.5456e-01  -1.5456e-01            0
   4.5600e-03   1.3757e+03   1.5598e+03  -1.8411e-01  -1.8411e-01            0
   4.5700e-03   1.3314e+03   1.5443e+03  -2.1294e-01  -2.1294e-01            0
   4.5800e-03   1.2850e+03   1.5259e+03  -2.4092e-01  -2.4092e-01            0
   4.5900e-03   1.2367e+03   1.5046e+03  -2.6796e-01  -2.6796e-01            0
   4.6000e-03   1.1866e+03   1.4805e+03  -2.9394e-01  -2.9394e-01            0
   4.6100e-03   1.1350e+03   1.4537e+03  -3.1875e-01  -3.1875e-01            0
   4.6200e-03   1.0820e+03   1.4243e+03  -3.4231e-01  -3.4231e-01            0
   4.6300e-03   1.0279e+03   1.3925e+03  -3.6452e-01  -3.6452e-01            0
   4.6400e-03   9.7294e+02   1.3582e+03  -3.8529e-01  -3.8529e-01            0
   4.6500e-03   9.1724e+02   1.3218e+03  -4.0454e-01  -4.0454e-01            0
   4.6600e-03   8.6106e+02   1.2833e+03  -4.2219e-01  -4.2219e-01            0
   4.6700e-03   8.0462e+02   1.2428e+03  -4.3818e-01  -4.3818e-01            0
   4.6800e-03   7.4814e+02   1.2006e+03  -4.5244e-01  -4.5244e-01            0
   4.6900e-03   6.9185e+02   1.1568e+03  -4.6491e-01  -4.6491e-01            0
   4.7000e-03   6.3597e+02   1.1115e+03  -4.7555e-01  -4.7555e-01            0
   4.7100e-03   5.8072e+02   1.0650e+03  -4.8431e-01  -4.8431e-01            0
   4.7200e-03   5.2632e+02   1.0175e+03  -4.9115e-01  -4.9115e-01            0
   4.7300e-03   4.7298e+02   9.6904e+02  -4.9606e-01  -4.9606e-01            0
   4.7400e-03   4.2091e+02   9.1993e+02  -4.9902e-01  -4.9902e-01            0
   4.7500e-03   3.7032e+02   8.7032e+02  -5.0000e-01  -5.0000e-01            0
   4.7600e-03   3.2141e+02   8.2042e+02  -4.9901e-01  -4.9901e-01            0
   4.7700e-03   2.7437e+02   7.7042e+02  -4.9605e-01  -4.9605e-01            0
   4.7800e-03   2.2939e+02   7.2052e+02  -4.9113e-01  -4.9113e-01            0
   4.7900e-03   1.8664e+02   6.7091e+02  -4.8428e-01  -4.8428e-01            0
   4.8000e-03   1.4629e+02   6.2180e+02  -4.7551e-01  -4.7551e-01            0
   4.8100e-03   1.0851e+02   5.7337e+02  -4.6487e-01  -4.6487e-01            0
   4.8200e-03   7.3433e+01   5.2582e+02  -4.5239e-01  -4.5239e-01            0
   4.8300e-03   4.1210e+01   4.7934e+02  -4.3813e-01  -4.3813e-01            0
   4.8400e-03   1.1964e+01   4.3410e+02  -4.2213e-01  -4.2213e-01            0
   4.8500e-03  -1.4189e+01   3.9028e+02  -4.0447e-01  -4.0447e-01            0
   4.8600e-03  -3.7148e+01   3.4807e+02  -3.8522e-01  -3.8522e-01            0
   4.8700e-03  -5.6820e+01   3.0762e+02  -3.6444e-01  -3.6444e-01            0
   4.8800e-03  -7.3128e+01   2.6910e+02  -3.4223e-01  -3.4223e-01            0
   4.8900e-03  -8.6008e+01   2.3266e+02  -3.1867e-01  -3.1867e-01            0
   4.9000e-03  -9.5409e+01   1.9843e+02  -2.9384e-01  -2.9384e-01            0
   4.9100e-03  -1.0129e+02   1.6657e+02  -2.6786e-01  -2.6786e-01            0
   4.9200e-03  -1.0364e+02   1.3718e+02  -2.4082e-01  -2.4082e-01            0
   4.9300e-03  -1.0244e+02   1.1040e+02  -2.1283e-01  -2.1283e-01            0
   4.9400e-03  -9.7690e+01   8.6315e+01  -1.8400e-01  -1.8400e-01            0
   4.9500e-03  -8.9418e+01   6.5031e+01  -1.5445e-01  -1.5445e-01            0
   4.9600e-03  -7.7653e+01   4.6631e+01  -1.2428e-01  -1.2428e-01            0
   4.9700e-03  -6.2443e+01   3.1186e+01  -9.3629e-02  -9.3629e-02            0
   4.9800e-03  -4.3847e+01   1.8758e+01  -6.2604e-02  -6.2604e-02            0
   4.9900e-03  -2.1938e+01   9.3947e+00  -3.1333e-02  -3.1333e-02            0
   5.0000e-03   3.1978e+00   3.1342e+00   6.3618e-05   6.3618e-05            0
   5.0100e-03   3.1460e+01   9.4900e-04   3.1459e-02   3.1459e-02            0
   5.0200e-03   6.2737e+01   7.3108e-03   6.2730e-02   6.2730e-02            0
   5.0300e-03   9.6906e+01   3.1532e+00   9.3753e-02   9.3753e-02            0
   5.0400e-03   1.3383e+02   9.4262e+00   1.2441e-01   1.2441e-01            0
   5.0500e-03   1.7337e+02   1.8801e+01   1.5457e-01   1.5457e-01            0
   5.0600e-03   2.1536e+02   3.1242e+01   1.8412e-01   1.8412e-01            0
   5.0700e-03   2.5965e+02   4.6699e+01   2.1295e-01   2.1295e-01            0
   5.0800e-03   3.0604e+02   6.5111e+01   2.4093e-01   2.4093e-01            0
   5.0900e-03   3.5437e+02   8.6406e+01   2.6797e-01   2.6797e-01            0
   5.1000e-03   4.0445e+02   1.1050e+02   2.9395e-01   2.9395e-01            0
   5.1100e-03   4.5606e+02   1.3730e+02   3.1876e-01   3.1876e-01            0
   5.1200e-03   5.0901e+02   1.6669e+02   3.4232e-01   3.4232e-01            0
   5.1300e-03   5.6310e+02   1.9857e+02   3.6453e-01   3.6453e-01            0
   5.1400e-03   6.1810e+02   2.3280e+02   3.8530e-01   3.8530e-01            0
   5.1500e-03   6.7380e+02   2.6925e+02   4.0455e-01   4.0455e-01            0
   5.1600e-03   7.2998e+02   3.0778e+02   4.2220e-01   4.2220e-01            0
   5.1700e-03   7.8642e+02   3.4824e+02   4.3819e-01   4.3819e-01            0
   5.1800e-03   8.4290e+02   3.9046e+02   4.5244e-01   4.5244e-01            0
   5.1900e-03   8.9919e+02   4.3428e+02   4.6491e-01   4.6491e-01            0
   5.2000e-03   9.5507e+02   4.7952e+02   4.7555e-01   4.7555e-01            0
   5.2100e-03   1.0103e+03   5.2601e+02   4.8431e-01   4.8431e-01            0
   5.2200e-03   1.0647e+03   5.7357e+02   4.9116e-01   4.9116e-01            0
   5.2300e-03   1.1181e+03   6.2200e+02   4.9607e-01   4.9607e-01            0
   5.2400e-03   1.1701e+03   6.7111e+02   4.9902e-01   4.9902e-01            0
   5.2500e-03   1.2207e+03   7.2072e+02   5.0000e-01   5.0000e-01            0
   5.2600e-03   1.2696e+03   7.7062e+02   4.9901e-01   4.9901e-01            0
   5.2700e-03   1.3167e+03   8.2062e+02   4.9605e-01   4.9605e-01            0
   5.2800e-03   1.3617e+03   8.7052e+02   4.9113e-01   4.9113e-01            0
   5.2900e-03   1.4044e+03   9.2013e+02   4.8427e-01   4.8427e-01            0
   5.3000e-03   1.4447e+03   9.6924e+02   4.7551e-01   4.7551e-01            0
   5.3100e-03   1.4825e+03   1.0177e+03   4.6486e-01   4.6486e-01            0
   5.3200e-03   1.5176e+03   1.0652e+03   4.5238e-01   4.5238e-01            0
   5.3300e-03   1.5498e+03   1.1117e+03   4.3812e-01   4.3812e-01            0
   5.3400e-03   1.5791e+03   1.1569e+03   4.2213e-01   4.2213e-01            0
   5.3500e-03   1.6052e+03   1.2008e+03   4.0447e-01   4.0447e-01            0
   5.3600e-03   1.6282e+03   1.2430e+03   3.8521e-01   3.8521e-01            0
   5.3700e-03   1.6478e+03   1.2834e+03   3.6444e-01   3.6444e-01            0
   5.3800e-03   1.6642e+03   1.3219e+03   3.4222e-01   3.4222e-01            0
   5.3900e-03   1.6770e+03   1.3584e+03   3.1866e-01   3.1866e-01            0
   5.4000e-03   1.6864e+03   1.3926e+03   2.9383e-01   2.9383e-01            0
   5.4100e-03   1.6923e+03   1.4245e+03   2.6785e-01   2.6785e-01            0
   5.4200e-03   1.6947e+03   1.4538e+03   2.4081e-01   2.4081e-01            0
   5.4300e-03   1.6935e+03   1.4806e+03   2.1282e-01   2.1282e-01            0
   5.4400e-03   1.6887e+03   1.5047e+03   1.8399e-01   1.8399e-01            0
   5.4500e-03   1.6804e+03   1.5260e+03   1.5444e-01   1.5444e-01            0
   5.4600e-03   1.6687e+03   1.5444e+03   1.2427e-01   1.2427e-01            0
   5.4700e-03   1.6535e+03   1.5598e+03   9.3618e-02   9.3618e-02            0
   5.4800e-03   1.6349e+03   1.5723e+03   6.2593e-02   6.2593e-02            0
   5.4900e-03   1.6129e+03   1.5816e+03   3.1320e-02   3.1320e-02            0
   5.5000e-03   1.5878e+03   1.5879e+03  -7.5684e-05  -7.5684e-05            0
   5.5100e-03   1.5596e+03   1.5910e+03  -3.1471e-02  -3.1471e-02            0
   5.5200e-03   1.5283e+03   1.5910e+03  -6.2742e-02  -6.2742e-02            0
   5.5300e-03   1.4941e+03   1.5879e+03  -9.3765e-02  -9.3765e-02            0
   5.5400e-03   1.4572e+03   1.5816e+03  -1.2442e-01  -1.2442e-01            0
   5.5500e-03   1.4176e+03   1.5722e+03  -1.5458e-01  -1.5458e-01            0
   5.5600e-03   1.3756e+03   1.5598e+03  -1.8413e-01  -1.8413e-01            0
   5.5700e-03   1.3314e+03   1.5443e+03  -2.1296e-01  -2.1296e-01            0
   5.5800e-03   1.2850e+03   1.5259e+03  -2.4094e-01  -2.4094e-01            0
   5.5900e-03   1.2366e+03   1.5046e+03  -2.6798e-01  -2.6798e-01            0
   5.6000e-03   1.1866e+03   1.4805e+03  -2.9396e-01  -2.9396e-01            0
   5.6100e-03   1.1349e+03   1.4537e+03  -3.1877e-01  -3.1877e-01            0
   5.6200e-03   1.0820e+03   1.4243e+03  -3.4233e-01  -3.4233e-01            0
   5.6300e-03   1.0279e+03   1.3924e+03  -3.6454e-01  -3.6454e-01            0
   5.6400e-03   9.7290e+02   1.3582e+03  -3.8531e-01  -3.8531e-01            0
   5.6500e-03   9.1720e+02   1.3218e+03  -4.0456e-01  -4.0456e-01            0
   5.6600e-03   8.6102e+02   1.2832e+03  -4.2221e-01  -4.2221e-01            0
   5.6700e-03   8.0458e+02   1.2428e+03  -4.3819e-01  -4.3819e-01            0
   5.6800e-03   7.4810e+02   1.2005e+03  -4.5245e-01  -4.5245e-01            0
   5.6900e-03   6.9181e+02   1.1567e+03  -4.6492e-01  -4.6492e-01            0
   5.7000e-03   6.3593e+02   1.1115e+03  -4.7555e-01  -4.7555e-01            0
   5.7100e-03   5.8068e+02   1.0650e+03  -4.8431e-01  -4.8431e-01            0
   5.7200e-03   5.2628e+02   1.0174e+03  -4.9116e-01  -4.9116e-01            0
   5.7300e-03   4.7294e+02   9.6901e+02  -4.9607e-01  -4.9607e-01            0
   5.7400e-03   4.2087e+02   9.1989e+02  -4.9902e-01  -4.9902e-01            0
   5.7500e-03   3.7028e+02   8.7028e+02  -5.0000e-01  -5.0000e-01            0
   5.7600e-03   3.2137e+02   8.2038e+02  -4.9901e-01  -4.9901e-01            0
   5.7700e-03   2.7433e+02   7.7038e+02  -4.9605e-01  -4.9605e-01            0
   5.7800e-03   2.2935e+02   7.2048e+02  -4.9113e-01  -4.9113e-01            0
   5.7900e-03   1.8661e+02   6.7088e+02  -4.8427e-01  -4.8427e-01            0
   5.8000e-03   1.4626e+02   6.2176e+02  -4.7550e-01  -4.7550e-01            0
   5.8100e-03   1.0848e+02   5.7334e+02  -4.6486e-01  -4.6486e-01            0
   5.8200e-03   7.3408e+01   5.2579e+02  -4.5238e-01  -4.5238e-01            0
   5.8300e-03   4.1187e+01   4.7930e+02  -4.3811e-01  -4.3811e-01            0
   5.8400e-03   1.1943e+01   4.3406e+02  -4.2212e-01  -4.2212e-01            0
   5.8500e-03  -1.4208e+01   3.9025e+02  -4.0446e-01  -4.0446e-01            0
   5.8600e-03  -3.7164e+01   3.4804e+02  -3.8520e-01  -3.8520e-01            0
   5.8700e-03  -5.6834e+01   3.0759e+02  -3.6443e-01  -3.6443e-01            0
   5.8800e-03  -7.3139e+01   2.6907e+02  -3.4221e-01  -3.4221e-01            0
   5.8900e-03  -8.6017e+01   2.3263e+02  -3.1865e-01  -3.1865e-01            0
   5.9000e-03  -9.5416e+01   1.9841e+02  -2.9382e-01  -2.9382e-01            0
   5.9100e-03  -1.0130e+02   1.6654e+02  -2.6784e-01  -2.6784e-01            0
   5.9200e-03  -1.0364e+02   1.3716e+02  -2.4080e-01  -2.4080e-01            0
   5.9300e-03  -1.0243e+02   1.1038e+02  -2.1281e-01  -2.1281e-01            0
   5.9400e-03  -9.7685e+01   8.6298e+01  -1.8398e-01  -1.8398e-01            0
   5.9500e-03  -8.9410e+01   6.5016e+01  -1.5443e-01  -1.5443e-01            0
   5.9600e-03  -7.7644e+01   4.6618e+01  -1.2426e-01  -1.2426e-01            0
   5.9700e-03  -6.2431e+01   3.1176e+01  -9.3606e-02  -9.3606e-02            0
   5.9800e-03  -4.3832e+01   1.8749e+01  -6.2581e-02  -6.2581e-02            0
   5.9900e-03  -2.1919e+01   9.3887e+00  -3.1308e-02  -3.1308e-02            0
   6.0000e-03   3.2183e+00   3.1305e+00   8.7786e-05   8.7786e-05            0
   6.0100e-03   3.1483e+01  -2.1771e-04   3.1483e-02   3.1483e-02            0
   6.0200e-03   6.2762e+01   8.5609e-03   6.2754e-02   6.2754e-02            0
   6.0300e-03   9.6934e+01   3.1568e+00   9.3777e-02   9.3777e-02            0
   6.0400e-03   1.3386e+02   9.4322e+00   1.2443e-01   1.2443e-01            0
   6.0500e-03   1.7340e+02   1.8810e+01   1.5459e-01   1.5459e-01            0
   6.0600e-03   2.1540e+02   3.1253e+01   1.8414e-01   1.8414e-01            0
   6.0700e-03   2.5968e+02   4.6712e+01   2.1297e-01   2.1297e-01            0
   6.0800e-03   3.0608e+02   6.5127e+01   2.4096e-01   2.4096e-01            0
   6.0900e-03   3.5441e+02   8.6424e+01   2.6799e-01   2.6799e-01            0
   6.1000e-03   4.0448e+02   1.1052e+02   2.9397e-01   2.9397e-01            0
   6.1100e-03   4.5610e+02   1.3732e+02   3.1878e-01   3.1878e-01            0
   6.1200e-03   5.0905e+02   1.6671e+02   3.4234e-01   3.4234e-01            0
   6.1300e-03   5.6314e+02   1.9859e+02   3.6455e-01   3.6455e-01            0
   6.1400e-03   6.1814e+02   2.3283e+02   3.8531e-01   3.8531e-01            0
   6.1500e-03   6.7384e+02   2.6928e+02   4.0456e-01   4.0456e-01            0
   6.1600e-03   7.3003e+02   3.0781e+02   4.2221e-01   4.2221e-01            0
   6.1700e-03   7.8647e+02   3.4827e+02   4.3820e-01   4.3820e-01            0
   6.1800e-03   8.4294e+02   3.9049e+02   4.5245e-01   4.5245e-01            0
   6.1900e-03   8.9923e+02   4.3431e+02   4.6492e-01   4.6492e-01            0
   6.2000e-03   9.5511e+02   4.7956e+02   4.7556e-01   4.7556e-01            0
   6.2100e-03   1.0104e+03   5.2605e+02   4.8431e-01   4.8431e-01            0
   6.2200e-03   1.0648e+03   5.7360e+02   4.9116e-01   4.9116e-01            0
   6.2300e-03   1.1181e+03   6.2203e+02   4.9607e-01   4.9607e-01            0
   6.2400e-03   1.1702e+03   6.7115e+02   4.9902e-01   4.9902e-01            0
   6.2500e-03   1.2208e+03   7.2076e+02   5.0000e-01   5.0000e-01            0
   6.2600e-03   1.2697e+03   7.7066e+02   4.9901e-01   4.9901e-01            0
   6.2700e-03   1.3167e+03   8.2066e+02   4.9605e-01   4.9605e-01            0
   6.2800e-03   1.3617e+03   8.7056e+02   4.9113e-01   4.9113e-01            0
   6.2900e-03   1.4044e+03   9.2016e+02   4.8427e-01   4.8427e-01            0
   6.3000e-03   1.4448e+03   9.6928e+02   4.7550e-01   4.7550e-01            0
   6.3100e-03   1.4826e+03   1.0177e+03   4.6485e-01   4.6485e-01            0
   6.3200e-03   1.5176e+03   1.0653e+03   4.5237e-01   4.5237e-01            0
   6.3300e-03   1.5498e+03   1.1117e+03   4.3811e-01   4.3811e-01            0
   6.3400e-03   1.5791e+03   1.1570e+03   4.2211e-01   4.2211e-01            0
   6.3500e-03   1.6052e+03   1.2008e+03   4.0445e-01   4.0445e-01            0
   6.3600e-03   1.6282e+03   1.2430e+03   3.8520e-01   3.8520e-01            0
   6.3700e-03   1.6479e+03   1.2834e+03   3.6442e-01   3.6442e-01            0
   6.3800e-03   1.6642e+03   1.3220e+03   3.4220e-01   3.4220e-01            0
   6.3900e-03   1.6770e+03   1.3584e+03   3.1864e-01   3.1864e-01            0
   6.4000e-03   1.6864e+03   1.3926e+03   2.9381e-01   2.9381e-01            0
   6.4100e-03   1.6923e+03   1.4245e+03   2.6783e-01   2.6783e-01            0
   6.4200e-03   1.6947e+03   1.4539e+03   2.4079e-01   2.4079e-01            0
   6.4300e-03   1.6935e+03   1.4807e+03   2.1280e-01   2.1280e-01            0
   6.4400e-03   1.6887e+03   1.5047e+03   1.8397e-01   1.8397e-01            0
   6.4500e-03   1.6804e+03   1.5260e+03   1.5442e-01   1.5442e-01            0
   6.4600e-03   1.6687e+03   1.5444e+03   1.2425e-01   1.2425e-01            0
   6.4700e-03   1.6534e+03   1.5599e+03   9.3594e-02   9.3594e-02            0
   6.4800e-03   1.6348e+03   1.5723e+03   6.2569e-02   6.2569e-02            0
   6.4900e-03   1.6129e+03   1.5816e+03   3.1296e-02   3.1296e-02            0
   6.5000e-03   1.5878e+03   1.5879e+03  -9.9854e-05  -9.9854e-05            0
   6.5100e-03   1.5595e+03   1.5910e+03  -3.1495e-02  -3.1495e-02            0
   6.5200e-03   1.5282e+03   1.5910e+03  -6.2766e-02  -6.2766e-02            0
   6.5300e-03   1.4941e+03   1.5879e+03  -9.3789e-02  -9.3789e-02            0
   6.5400e-03   1.4571e+03   1.5816e+03  -1.2444e-01  -1.2444e-01            0
   6.5500e-03   1.4176e+03   1.5722e+03  -1.5460e-01  -1.5460e-01            0
   6.5600e-03   1.3756e+03   1.5598e+03  -1.8416e-01  -1.8416e-01            0
   6.5700e-03   1.3313e+03   1.5443e+03  -2.1298e-01  -2.1298e-01            0
   6.5800e-03   1.2849e+03   1.5259e+03  -2.4097e-01  -2.4097e-01            0
   6.5900e-03   1.2366e+03   1.5046e+03  -2.6800e-01  -2.6800e-01            0
   6.6000e-03   1.1865e+03   1.4805e+03  -2.9398e-01  -2.9398e-01            0
   6.6100e-03   1.1349e+03   1.4537e+03  -3.1879e-01  -3.1879e-01            0
   6.6200e-03   1.0819e+03   1.4243e+03  -3.4235e-01  -3.4235e-01            0
   6.6300e-03   1.0279e+03   1.3924e+03  -3.6455e-01  -3.6455e-01            0
   6.6400e-03   9.7286e+02   1.3582e+03  -3.8532e-01  -3.8532e-01            0
   6.6500e-03   9.1716e+02   1.3217e+03  -4.0457e-01  -4.0457e-01            0
   6.6600e-03   8.6097e+02   1.2832e+03  -4.2222e-01  -4.2222e-01            0
   6.6700e-03   8.0453e+02   1.2427e+03  -4.3820e-01  -4.3820e-01            0
   6.6800e-03   7.4806e+02   1.2005e+03  -4.5246e-01  -4.5246e-01            0
   6.6900e-03   6.9177e+02   1.1567e+03  -4.6493e-01  -4.6493e-01            0
   6.7000e-03   6.3589e+02   1.1114e+03  -4.7556e-01  -4.7556e-01            0
   6.7100e-03   5.8064e+02   1.0650e+03  -4.8432e-01  -4.8432e-01            0
   6.7200e-03   5.2624e+02   1.0174e+03  -4.9116e-01  -4.9116e-01            0
   6.7300e-03   4.7290e+02   9.6897e+02  -4.9607e-01  -4.9607e-01            0
   6.7400e-03   4.2083e+02   9.1985e+02  -4.9902e-01  -4.9902e-01            0
   6.7500e-03   3.7025e+02   8.7025e+02  -5.0000e-01  -5.0000e-01            0
   6.7600e-03   3.2134e+02   8.2034e+02  -4.9901e-01  -4.9901e-01            0
   6.7700e-03   2.7430e+02   7.7034e+02  -4.9604e-01  -4.9604e-01            0
   6.7800e-03   2.2932e+02   7.2044e+02  -4.9112e-01  -4.9112e-01            0
   6.7900e-03   1.8657e+02   6.7084e+02  -4.8427e-01  -4.8427e-01            0
   6.8000e-03   1.4623e+02   6.2173e+02  -4.7550e-01  -4.7550e-01            0
   6.8100e-03   1.0845e+02   5.7330e+02  -4.6485e-01  -4.6485e-01            0
   6.8200e-03   7.3382e+01   5.2575e+02  -4.5237e-01  -4.5237e-01            0
   6.8300e-03   4.1164e+01   4.7926e+02  -4.3810e-01  -4.3810e-01            0
   6.8400e-03   1.1922e+01   4.3403e+02  -4.2211e-01  -4.2211e-01            0
   6.8500e-03  -1.4227e+01   3.9022e+02  -4.0445e-01  -4.0445e-01            0
   6.8600e-03  -3.7180e+01   3.4801e+02  -3.8519e-01  -3.8519e-01            0
   6.8700e-03  -5.6847e+01   3.0756e+02  -3.6441e-01  -3.6441e-01            0
   6.8800e-03  -7.3151e+01   2.6904e+02  -3.4219e-01  -3.4219e-01            0
   6.8900e-03  -8.6026e+01   2.3260e+02  -3.1863e-01  -3.1863e-01            0
   6.9000e-03  -9.5422e+01   1.9838e+02  -2.9381e-01  -2.9381e-01            0
   6.9100e-03  -1.0130e+02   1.6652e+02  -2.6782e-01  -2.6782e-01            0
   6.9200e-03  -1.0364e+02   1.3714e+02  -2.4078e-01  -2.4078e-01            0
   6.9300e-03  -1.0243e+02   1.1036e+02  -2.1279e-01  -2.1279e-01            0
   6.9400e-03  -9.7680e+01   8.6280e+01  -1.8396e-01  -1.8396e-01            0
   6.9500e-03  -8.9403e+01   6.5001e+01  -1.5440e-01  -1.5440e-01            0
   6.9600e-03  -7.7633e+01   4.6605e+01  -1.2424e-01  -1.2424e-01            0
   6.9700e-03  -6.2418e+01   3.1165e+01  -9.3583e-02  -9.3583e-02            0
   6.9800e-03  -4.3817e+01   1.8741e+01  -6.2557e-02  -6.2557e-02            0
   6.9900e-03  -2.1901e+01   9.3826e+00  -3.1284e-02  -3.1284e-02            0
   7.0000e-03   3.2388e+00   3.1269e+00   1.1195e-04   1.1195e-04            0
   7.0100e-03   3.1506e+01  -1.4691e-03   3.1507e-02   3.1507e-02            0
   7.0200e-03   6.2787e+01   9.7262e-03   6.2778e-02   6.2778e-02            0
   7.0300e-03   9.6961e+01   3.1604e+00   9.3801e-02   9.3801e-02            0
   7.0400e-03   1.3389e+02   9.4382e+00   1.2445e-01   1.2445e-01            0
   7.0500e-03   1.7343e+02   1.8818e+01   1.5462e-01   1.5462e-01            0
   7.0600e-03   2.1543e+02   3.1264e+01   1.8417e-01   1.8417e-01            0
   7.0700e-03   2.5972e+02   4.6725e+01   2.1299e-01   2.1299e-01            0
   7.0800e-03   3.0612e+02   6.5142e+01   2.4098e-01   2.4098e-01            0
   7.0900e-03   3.5445e+02   8.6441e+01   2.6801e-01   2.6801e-01            0
   7.1000e-03   4.0452e+02   1.1054e+02   2.9398e-01   2.9398e-01            0
   7.1100e-03   4.5614e+02   1.3734e+02   3.1880e-01   3.1880e-01            0
   7.1200e-03   5.0909e+02   1.6674e+02   3.4236e-01   3.4236e-01            0
   7.1300e-03   5.6318e+02   1.9862e+02   3.6456e-01   3.6456e-01            0
   7.1400e-03   6.1818e+02   2.3285e+02   3.8533e-01   3.8533e-01            0
   7.1500e-03   6.7389e+02   2.6931e+02   4.0458e-01   4.0458e-01            0
   7.1600e-03   7.3007e+02   3.0784e+02   4.2223e-01   4.2223e-01            0
   7.1700e-03   7.8651e+02   3.4830e+02   4.3821e-01   4.3821e-01            0
   7.1800e-03   8.4299e+02   3.9052e+02   4.5246e-01   4.5246e-01            0
   7.1900e-03   8.9927e+02   4.3434e+02   4.6493e-01   4.6493e-01            0
   7.2000e-03   9.5515e+02   4.7959e+02   4.7556e-01   4.7556e-01            0
   7.2100e-03   1.0104e+03   5.2608e+02   4.8432e-01   4.8432e-01            0
   7.2200e-03   1.0648e+03   5.7364e+02   4.9117e-01   4.9117e-01            0
   7.2300e-03   1.1181e+03   6.2207e+02   4.9607e-01   4.9607e-01            0
   7.2400e-03   1.1702e+03   6.7119e+02   4.9902e-01   4.9902e-01            0
   7.2500e-03   1.2208e+03   7.2080e+02   5.0000e-01   5.0000e-01            0
   7.2600e-03   1.2697e+03   7.7070e+02   4.9901e-01   4.9901e-01            0
   7.2700e-03   1.3167e+03   8.2070e+02   4.9604e-01   4.9604e-01            0
   7.2800e-03   1.3617e+03   8.7060e+02   4.9112e-01   4.9112e-01            0
   7.2900e-03   1.4045e+03   9.2020e+02   4.8426e-01   4.8426e-01            0
   7.3000e-03   1.4448e+03   9.6931e+02   4.7549e-01   4.7549e-01            0
   7.3100e-03   1.4826e+03   1.0177e+03   4.6484e-01   4.6484e-01            0
   7.3200e-03   1.5177e+03   1.0653e+03   4.5236e-01   4.5236e-01            0
   7.3300e-03   1.5499e+03   1.1118e+03   4.3810e-01   4.3810e-01            0
   7.3400e-03   1.5791e+03   1.1570e+03   4.2210e-01   4.2210e-01            0
   7.3500e-03   1.6053e+03   1.2008e+03   4.0444e-01   4.0444e-01            0
   7.3600e-03   1.6282e+03   1.2430e+03   3.8518e-01   3.8518e-01            0
   7.3700e-03   1.6479e+03   1.2835e+03   3.6440e-01   3.6440e-01            0
   7.3800e-03   1.6642e+03   1.3220e+03   3.4219e-01   3.4219e-01            0
   7.3900e-03   1.6771e+03   1.3584e+03   3.1862e-01   3.1862e-01            0
   7.4000e-03   1.6864e+03   1.3927e+03   2.9380e-01   2.9380e-01            0
   7.4100e-03   1.6923e+03   1.4245e+03   2.6781e-01   2.6781e-01            0
   7.4200e-03   1.6947e+03   1.4539e+03   2.4077e-01   2.4077e-01            0
   7.4300e-03   1.6935e+03   1.4807e+03   2.1278e-01   2.1278e-01            0
   7.4400e-03   1.6887e+03   1.5048e+03   1.8395e-01   1.8395e-01            0
   7.4500e-03   1.6804e+03   1.5260e+03   1.5439e-01   1.5439e-01            0
   7.4600e-03   1.6686e+03   1.5444e+03   1.2423e-01   1.2423e-01            0
   7.4700e-03   1.6534e+03   1.5599e+03   9.3571e-02   9.3571e-02            0
   7.4800e-03   1.6348e+03   1.5723e+03   6.2545e-02   6.2545e-02            0
   7.4900e-03   1.6129e+03   1.5816e+03   3.1273e-02   3.1273e-02            0
   7.5000e-03   1.5878e+03   1.5879e+03  -1.2402e-04  -1.2402e-04            0
   7.5100e-03   1.5595e+03   1.5910e+03  -3.1519e-02  -3.1519e-02            0
   7.5200e-03   1.5282e+03   1.5910e+03  -6.2790e-02  -6.2790e-02            0
   7.5300e-03   1.4940e+03   1.5879e+03  -9.3813e-02  -9.3813e-02            0
   7.5400e-03   1.4571e+03   1.5816e+03  -1.2447e-01  -1.2447e-01            0
   7.5500e-03   1.4176e+03   1.5722e+03  -1.5463e-01  -1.5463e-01            0
   7.5600e-03   1.3756e+03   1.5598e+03  -1.8418e-01  -1.8418e-01            0
   7.5700e-03   1.3313e+03   1.5443e+03  -2.1300e-01  -2.1300e-01            0
   7.5800e-03   1.2849e+03   1.5259e+03  -2.4099e-01  -2.4099e-01            0
   7.5900e-03   1.2366e+03   1.5046e+03  -2.6802e-01  -2.6802e-01            0
   7.6000e-03   1.1865e+03   1.4805e+03  -2.9399e-01  -2.9399e-01            0
   7.6100e-03   1.1349e+03   1.4537e+03  -3.1881e-01  -3.1881e-01            0
   7.6200e-03   1.0819e+03   1.4243e+03  -3.4237e-01  -3.4237e-01            0
   7.6300e-03   1.0278e+03   1.3924e+03  -3.6457e-01  -3.6457e-01            0
   7.6400e-03   9.7282e+02   1.3582e+03  -3.8534e-01  -3.8534e-01            0
   7.6500e-03   9.1712e+02   1.3217e+03  -4.0458e-01  -4.0458e-01            0
   7.6600e-03   8.6093e+02   1.2832e+03  -4.2223e-01  -4.2223e-01            0
   7.6700e-03   8.0449e+02   1.2427e+03  -4.3821e-01  -4.3821e-01            0
   7.6800e-03   7.4801e+02   1.2005e+03  -4.5247e-01  -4.5247e-01            0
   7.6900e-03   6.9173e+02   1.1567e+03  -4.6494e-01  -4.6494e-01            0
   7.7000e-03   6.3585e+02   1.1114e+03  -4.7557e-01  -4.7557e-01            0
   7.7100e-03   5.8060e+02   1.0649e+03  -4.8432e-01  -4.8432e-01            0
   7.7200e-03   5.2620e+02   1.0174e+03  -4.9117e-01  -4.9117e-01            0
   7.7300e-03   4.7286e+02   9.6893e+02  -4.9607e-01  -4.9607e-01            0
   7.7400e-03   4.2079e+02   9.1981e+02  -4.9902e-01  -4.9902e-01            0
   7.7500e-03   3.7021e+02   8.7021e+02  -5.0000e-01  -5.0000e-01            0
   7.7600e-03   3.2130e+02   8.2031e+02  -4.9901e-01  -4.9901e-01            0
   7.7700e-03   2.7426e+02   7.7031e+02  -4.9604e-01  -4.9604e-01            0
   7.7800e-03   2.2929e+02   7.2040e+02  -4.9112e-01  -4.9112e-01            0
   7.7900e-03   1.8654e+02   6.7080e+02  -4.8426e-01  -4.8426e-01            0
   7.8000e-03   1.4620e+02   6.2169e+02  -4.7549e-01  -4.7549e-01            0
   7.8100e-03   1.0842e+02   5.7326e+02  -4.6484e-01  -4.6484e-01            0
   7.8200e-03   7.3356e+01   5.2571e+02  -4.5236e-01  -4.5236e-01            0
   7.8300e-03   4.1139e+01   4.7923e+02  -4.3809e-01  -4.3809e-01            0
   7.8400e-03   1.1898e+01   4.3399e+02  -4.2210e-01  -4.2210e-01            0
   7.8500e-03  -1.4249e+01   3.9019e+02  -4.0443e-01  -4.0443e-01            0
   7.8600e-03  -3.7202e+01   3.4798e+02  -3.8518e-01  -3.8518e-01            0
   7.8700e-03  -5.6868e+01   3.0753e+02  -3.6440e-01  -3.6440e-01            0
   7.8800e-03  -7.3170e+01   2.6901e+02  -3.4218e-01  -3.4218e-01            0
   7.8900e-03  -8.6045e+01   2.3257e+02  -3.1862e-01  -3.1862e-01            0
   7.9000e-03  -9.5440e+01   1.9836e+02  -2.9380e-01  -2.9380e-01            0
   7.9100e-03  -1.0132e+02   1.6649e+02  -2.6781e-01  -2.6781e-01            0
   7.9200e-03  -1.0366e+02   1.3711e+02  -2.4077e-01  -2.4077e-01            0
   7.9300e-03  -1.0245e+02   1.1033e+02  -2.1278e-01  -2.1278e-01            0
   7.9400e-03  -9.7700e+01   8.6256e+01  -1.8396e-01  -1.8396e-01            0
   7.9500e-03  -8.9423e+01   6.4977e+01  -1.5440e-01  -1.5440e-01            0
   7.9600e-03  -7.7653e+01   4.6582e+01  -1.2424e-01  -1.2424e-01            0
   7.9700e-03  -6.2440e+01   3.1142e+01  -9.3581e-02  -9.3581e-02            0
   7.9800e-03  -4.3840e+01   1.8718e+01  -6.2558e-02  -6.2558e-02            0
   7.9900e-03  -2.1926e+01   9.3601e+00  -3.1286e-02  -3.1286e-02            0
   8.0000e-03   3.2118e+00   3.1043e+00   1.0751e-04   1.0751e-04            0
   8.0100e-03   3.1476e+01  -2.4301e-02   3.1501e-02   3.1501e-02            0
   8.0200e-03   6.2758e+01  -1.3550e-02   6.2771e-02   6.2771e-02            0
   8.0300e-03   9.6929e+01   3.1365e+00   9.3793e-02   9.3793e-02            0
   8.0400e-03   1.3386e+02   9.4137e+00   1.2444e-01   1.2444e-01            0
   8.0500e-03   1.7340e+02   1.8793e+01   1.5461e-01   1.5461e-01            0
   8.0600e-03   2.1539e+02   3.1237e+01   1.8416e-01   1.8416e-01            0
   8.0700e-03   2.5968e+02   4.6698e+01   2.1298e-01   2.1298e-01            0
   8.0800e-03   3.0608e+02   6.5113e+01   2.4096e-01   2.4096e-01            0
   8.0900e-03   3.5441e+02   8.6411e+01   2.6799e-01   2.6799e-01            0
   8.1000e-03   4.0448e+02   1.1051e+02   2.9397e-01   2.9397e-01            0
   8.1100e-03   4.5609e+02   1.3731e+02   3.1878e-01   3.1878e-01            0
   8.1200e-03   5.0904e+02   1.6670e+02   3.4234e-01   3.4234e-01            0
   8.1300e-03   5.6313e+02   1.9858e+02   3.6455e-01   3.6455e-01            0
   8.1400e-03   6.1813e+02   2.3282e+02   3.8531e-01   3.8531e-01            0
   8.1500e-03   6.7383e+02   2.6927e+02   4.0456e-01   4.0456e-01            0
   8.1600e-03   7.3001e+02   3.0780e+02   4.2221e-01   4.2221e-01            0
   8.1700e-03   7.8645e+02   3.4826e+02   4.3820e-01   4.3820e-01            0
   8.1800e-03   8.4293e+02   3.9048e+02   4.5245e-01   4.5245e-01            0
   8.1900e-03   8.9922e+02   4.3430e+02   4.6492e-01   4.6492e-01            0
   8.2000e-03   9.5510e+02   4.7954e+02   4.7555e-01   4.7555e-01            0
   8.2100e-03   1.0103e+03   5.2604e+02   4.8431e-01   4.8431e-01            0
   8.2200e-03   1.0648e+03   5.7359e+02   4.9116e-01   4.9116e-01            0
   8.2300e-03   1.1181e+03   6.2202e+02   4.9607e-01   4.9607e-01            0
   8.2400e-03   1.1702e+03   6.7114e+02   4.9902e-01   4.9902e-01            0
   8.2500e-03   1.2207e+03   7.2075e+02   5.0000e-01   5.0000e-01            0
   8.2600e-03   1.2697e+03   7.7065e+02   4.9901e-01   4.9901e-01            0
   8.2700e-03   1.3167e+03   8.2065e+02   4.9605e-01   4.9605e-01            0
   8.2800e-03   1.3617e+03   8.7055e+02   4.9113e-01   4.9113e-01            0